# time(yr)	runoff(mm/month)
0.0000000	0.0000044
0.0833610	0.0000011
0.1667220	0.0000009
0.2500830	0.0000009
0.3334440	0.0000024
0.4168050	0.0000017
0.5001661	0.0000014
0.5835271	0.0000018
0.6668881	0.0000020
0.7502491	0.0000018
0.8336101	0.0000018
0.9169711	0.0000010
1.0003321	0.0000008
1.0836931	0.0000006
1.1670541	0.0000005
1.2504151	0.0000003
1.3337762	0.0000007
1.4171372	0.0000008
1.5004982	0.0000011
1.5838592	0.0000009
1.6672202	0.0000011
1.7505812	0.0000020
1.8339422	0.0000006
1.9173032	0.0000006
2.0006642	0.0000001
2.0840252	0.0000007
2.1673863	0.0000007
2.2507473	0.0000017
2.3341083	0.0000034
2.4174693	0.0000033
2.5008303	0.0000030
2.5841913	0.0000027
2.6675523	0.0000034
2.7509133	0.0000019
2.8342743	0.0000023
2.9176353	0.0000012
3.0009963	0.0000010
3.0843574	0.0000008
3.1677184	0.0000017
3.2510794	0.0000037
3.3344404	0.0000032
3.4178014	0.0000052
3.5011624	0.0000038
3.5845234	0.0000039
3.6678844	0.0000043
3.7512454	0.0000034
3.8346064	0.0000042
3.9179675	0.0000020
4.0013285	0.0000015
4.0846895	0.0000019
4.1680505	0.0000012
4.2514115	0.0000013
4.3347725	0.0000025
4.4181335	0.0000030
4.5014945	0.0000025
4.5848555	0.0000020
4.6682165	0.0000032
4.7515775	0.0000019
4.8349386	0.0000014
4.9182996	0.0000011
5.0016606	0.0000006
5.0850216	0.0000006
5.1683826	0.0000006
5.2517436	0.0000003
5.3351046	0.0000005
5.4184656	0.0000057
5.5018266	0.0000021
5.5851876	0.0000048
5.6685487	0.0000063
5.7519097	0.0000075
5.8352707	0.0000093
5.9186317	0.0000079
6.0019927	0.0000060
6.0853537	0.0000105
6.1687147	0.0000096
6.2520757	0.0000077
6.3354367	0.0000086
6.4187977	0.0000086
6.5021588	0.0000086
6.5855198	0.0000083
6.6688808	0.0000089
6.7522418	0.0000079
6.8356028	0.0000073
6.9189638	0.0000069
7.0023248	0.0000065
7.0856858	0.0000062
7.1690468	0.0000056
7.2524078	0.0000041
7.3357688	0.0000005
7.4191299	0.0000003
7.5024909	0.0000001
7.5858519	0.0000002
7.6692129	0.0000001
7.7525739	0.0000002
7.8359349	0.0000006
7.9192959	0.0000001
8.0026569	0.0000006
8.0860179	0.0000005
8.1693789	0.0000011
8.2527400	0.0000001
8.3361010	0.0000005
8.4194620	0.0000003
8.5028230	0.0000004
8.5861840	0.0000000
8.6695450	0.0000007
8.7529060	0.0000010
8.8362670	0.0000007
8.9196280	0.0000018
9.0029890	0.0000009
9.0863500	0.0000004
9.1697111	0.0000003
9.2530721	0.0000044
9.3364331	0.0000056
9.4197941	0.0000054
9.5031551	0.0000047
9.5865161	0.0000044
9.6698771	0.0000041
9.7532381	0.0000026
9.8365991	0.0000018
9.9199601	0.0000011
10.0033212	0.0000006
10.0866822	0.0000003
10.1700432	0.0000008
10.2534042	0.0000001
10.3367652	0.0000005
10.4201262	0.0000003
10.5034872	0.0000000
10.5868482	0.0000001
10.6702092	0.0000013
10.7535702	0.0000002
10.8369313	0.0000002
10.9202923	0.0000001
11.0036533	0.0000006
11.0870143	0.0000004
11.1703753	0.0000004
11.2537363	0.0000001
11.3370973	0.0000007
11.4204583	0.0000004
11.5038193	0.0000004
11.5871803	0.0000005
11.6705413	0.0000008
11.7539024	0.0000005
11.8372634	0.0000002
11.9206244	0.0000003
12.0039854	0.0000003
12.0873464	0.0000001
12.1707074	0.0000005
12.2540684	0.0000005
12.3374294	0.0000004
12.4207904	0.0000007
12.5041514	0.0000003
12.5875125	0.0000011
12.6708735	0.0000003
12.7542345	0.0000014
12.8375955	0.0000005
12.9209565	0.0000002
13.0043175	0.0000008
13.0876785	0.0000004
13.1710395	0.0000013
13.2544005	0.0000004
13.3377615	0.0000003
13.4211226	0.0000007
13.5044836	0.0000001
13.5878446	0.0000002
13.6712056	0.0000010
13.7545666	0.0000000
13.8379276	0.0000000
13.9212886	0.0000001
14.0046496	0.0000003
14.0880106	0.0000003
14.1713716	0.0000002
14.2547326	0.0000008
14.3380937	0.0000003
14.4214547	0.0000001
14.5048157	0.0000000
14.5881767	0.0000002
14.6715377	0.0000008
14.7548987	0.0000004
14.8382597	0.0000003
14.9216207	0.0000001
15.0049817	0.0000006
15.0883427	0.0000002
15.1717038	0.0000009
15.2550648	0.0000002
15.3384258	0.0000007
15.4217868	0.0000003
15.5051478	0.0000000
15.5885088	0.0000002
15.6718698	0.0000009
15.7552308	0.0000002
15.8385918	0.0000004
15.9219528	0.0000002
16.0053138	0.0000004
16.0886749	0.0000003
16.1720359	0.0000003
16.2553969	0.0000008
16.3387579	0.0000009
16.4221189	0.0000008
16.5054799	0.0000001
16.5888409	0.0000001
16.6722019	0.0000004
16.7555629	0.0000004
16.8389239	0.0000009
16.9222850	0.0000002
17.0056460	0.0000001
17.0890070	0.0000004
17.1723680	0.0000009
17.2557290	0.0000013
17.3390900	0.0000003
17.4224510	0.0000028
17.5058120	0.0000006
17.5891730	0.0000005
17.6725340	0.0000000
17.7558951	0.0000001
17.8392561	0.0000019
17.9226171	0.0000002
18.0059781	0.0000002
18.0893391	0.0000007
18.1727001	0.0000021
18.2560611	0.0000028
18.3394221	0.0000030
18.4227831	0.0000039
18.5061441	0.0000032
18.5895051	0.0000037
18.6728662	0.0000061
18.7562272	0.0000041
18.8395882	0.0000029
18.9229492	0.0000030
19.0063102	0.0000050
19.0896712	0.0000043
19.1730322	0.0000043
19.2563932	0.0000049
19.3397542	0.0000061
19.4231152	0.0000077
19.5064763	0.0000056
19.5898373	0.0000062
19.6731983	0.0000057
19.7565593	0.0000049
19.8399203	0.0000035
19.9232813	0.0000016
20.0066423	0.0000008
20.0900033	0.0000006
20.1733643	0.0000006
20.2567253	0.0000017
20.3400864	0.0000011
20.4234474	0.0000009
20.5068084	0.0000008
20.5901694	0.0000011
20.6735304	0.0000013
20.7568914	0.0000011
20.8402524	0.0000009
20.9236134	0.0000010
21.0069744	0.0000016
21.0903354	0.0000001
21.1736964	0.0000014
21.2570575	0.0000004
21.3404185	0.0000003
21.4237795	0.0000006
21.5071405	0.0000026
21.5905015	0.0000008
21.6738625	0.0000023
21.7572235	0.0000009
21.8405845	0.0000019
21.9239455	0.0000006
22.0073065	0.0000003
22.0906676	0.0000010
22.1740286	0.0000021
22.2573896	0.0000023
22.3407506	0.0000023
22.4241116	0.0000020
22.5074726	0.0000017
22.5908336	0.0000016
22.6741946	0.0000022
22.7575556	0.0000008
22.8409166	0.0000014
22.9242776	0.0000002
23.0076387	0.0000004
23.0909997	0.0000004
23.1743607	0.0000002
23.2577217	0.0000018
23.3410827	0.0000008
23.4244437	0.0000010
23.5078047	0.0000019
23.5911657	0.0000024
23.6745267	0.0000043
23.7578877	0.0000031
23.8412488	0.0000013
23.9246098	0.0000034
24.0079708	0.0000042
24.0913318	0.0000048
24.1746928	0.0000043
24.2580538	0.0000064
24.3414148	0.0000050
24.4247758	0.0000051
24.5081368	0.0000052
24.5914978	0.0000052
24.6748589	0.0000052
24.7582199	0.0000048
24.8415809	0.0000043
24.9249419	0.0000016
25.0083029	0.0000011
25.0916639	0.0000006
25.1750249	0.0000010
25.2583859	0.0000008
25.3417469	0.0000004
25.4251079	0.0000004
25.5084689	0.0000005
25.5918300	0.0000001
25.6751910	0.0000012
25.7585520	0.0000020
25.8419130	0.0000002
25.9252740	0.0000001
26.0086350	0.0000002
26.0919960	0.0000005
26.1753570	0.0000003
26.2587180	0.0000004
26.3420790	0.0000012
26.4254401	0.0000011
26.5088011	0.0000005
26.5921621	0.0000008
26.6755231	0.0000012
26.7588841	0.0000016
26.8422451	0.0000012
26.9256061	0.0000022
27.0089671	0.0000005
27.0923281	0.0000015
27.1756891	0.0000014
27.2590501	0.0000020
27.3424112	0.0000035
27.4257722	0.0000077
27.5091332	0.0000044
27.5924942	0.0000056
27.6758552	0.0000066
27.7592162	0.0000072
27.8425772	0.0000059
27.9259382	0.0000056
28.0092992	0.0000051
28.0926602	0.0000043
28.1760213	0.0000026
28.2593823	0.0000012
28.3427433	0.0000010
28.4261043	0.0000005
28.5094653	0.0000002
28.5928263	0.0000004
28.6761873	0.0000006
28.7595483	0.0000001
28.8429093	0.0000008
28.9262703	0.0000003
29.0096314	0.0000004
29.0929924	0.0000002
29.1763534	0.0000011
29.2597144	0.0000002
29.3430754	0.0000006
29.4264364	0.0000005
29.5097974	0.0000001
29.5931584	0.0000006
29.6765194	0.0000008
29.7598804	0.0000005
29.8432414	0.0000003
29.9266025	0.0000004
30.0099635	0.0000001
30.0933245	0.0000004
30.1766855	0.0000009
30.2600465	0.0000004
30.3434075	0.0000031
30.4267685	0.0000021
30.5101295	0.0000002
30.5934905	0.0000043
30.6768515	0.0000063
30.7602126	0.0000062
30.8435736	0.0000059
30.9269346	0.0000063
31.0102956	0.0000045
31.0936566	0.0000051
31.1770176	0.0000054
31.2603786	0.0000048
31.3437396	0.0000056
31.4271006	0.0000059
31.5104616	0.0000050
31.5938227	0.0000049
31.6771837	0.0000051
31.7605447	0.0000048
31.8439057	0.0000030
31.9272667	0.0000021
32.0106277	0.0000010
32.0939887	0.0000023
32.1773497	0.0000015
32.2607107	0.0000034
32.3440717	0.0000044
32.4274327	0.0000053
32.5107938	0.0000047
32.5941548	0.0000046
32.6775158	0.0000046
32.7608768	0.0000024
32.8442378	0.0000014
32.9275988	0.0000019
33.0109598	0.0000010
33.0943208	0.0000007
33.1776818	0.0000003
33.2610428	0.0000007
33.3444039	0.0000017
33.4277649	0.0000011
33.5111259	0.0000009
33.5944869	0.0000009
33.6778479	0.0000013
33.7612089	0.0000023
33.8445699	0.0000010
33.9279309	0.0000005
34.0112919	0.0000006
34.0946529	0.0000015
34.1780139	0.0000014
34.2613750	0.0000023
34.3447360	0.0000027
34.4280970	0.0000039
34.5114580	0.0000038
34.5948190	0.0000037
34.6781800	0.0000030
34.7615410	0.0000041
34.8449020	0.0000021
34.9282630	0.0000011
35.0116240	0.0000015
35.0949851	0.0000024
35.1783461	0.0000018
35.2617071	0.0000028
35.3450681	0.0000054
35.4284291	0.0000089
35.5117901	0.0000047
35.5951511	0.0000080
35.6785121	0.0000074
35.7618731	0.0000079
35.8452341	0.0000080
35.9285952	0.0000072
36.0119562	0.0000075
36.0953172	0.0000071
36.1786782	0.0000061
36.2620392	0.0000059
36.3454002	0.0000064
36.4287612	0.0000059
36.5121222	0.0000053
36.5954832	0.0000054
36.6788442	0.0000056
36.7622052	0.0000037
36.8455663	0.0000012
36.9289273	0.0000006
37.0122883	0.0000011
37.0956493	0.0000004
37.1790103	0.0000008
37.2623713	0.0000011
37.3457323	0.0000019
37.4290933	0.0000009
37.5124543	0.0000020
37.5958153	0.0000025
37.6791764	0.0000031
37.7625374	0.0000025
37.8458984	0.0000019
37.9292594	0.0000014
38.0126204	0.0000010
38.0959814	0.0000005
38.1793424	0.0000020
38.2627034	0.0000011
38.3460644	0.0000026
38.4294254	0.0000042
38.5127864	0.0000034
38.5961475	0.0000038
38.6795085	0.0000049
38.7628695	0.0000039
38.8462305	0.0000017
38.9295915	0.0000030
39.0129525	0.0000039
39.0963135	0.0000041
39.1796745	0.0000045
39.2630355	0.0000050
39.3463965	0.0000049
39.4297576	0.0000047
39.5131186	0.0000028
39.5964796	0.0000021
39.6798406	0.0000022
39.7632016	0.0000017
39.8465626	0.0000010
39.9299236	0.0000012
40.0132846	0.0000010
40.0966456	0.0000031
40.1800066	0.0000012
40.2633677	0.0000003
40.3467287	0.0000008
40.4300897	0.0000010
40.5134507	0.0000005
40.5968117	0.0000011
40.6801727	0.0000026
40.7635337	0.0000012
40.8468947	0.0000007
40.9302557	0.0000004
41.0136167	0.0000005
41.0969777	0.0000008
41.1803388	0.0000012
41.2636998	0.0000010
41.3470608	0.0000025
41.4304218	0.0000032
41.5137828	0.0000017
41.5971438	0.0000023
41.6805048	0.0000028
41.7638658	0.0000031
41.8472268	0.0000027
41.9305878	0.0000019
42.0139489	0.0000010
42.0973099	0.0000015
42.1806709	0.0000011
42.2640319	0.0000022
42.3473929	0.0000019
42.4307539	0.0000033
42.5141149	0.0000042
42.5974759	0.0000048
42.6808369	0.0000044
42.7641979	0.0000028
42.8475590	0.0000017
42.9309200	0.0000015
43.0142810	0.0000006
43.0976420	0.0000007
43.1810030	0.0000006
43.2643640	0.0000008
43.3477250	0.0000010
43.4310860	0.0000019
43.5144470	0.0000001
43.5978080	0.0000007
43.6811690	0.0000006
43.7645301	0.0000011
43.8478911	0.0000012
43.9312521	0.0000021
44.0146131	0.0000006
44.0979741	0.0000011
44.1813351	0.0000027
44.2646961	0.0000041
44.3480571	0.0000042
44.4314181	0.0000042
44.5147791	0.0000033
44.5981402	0.0000027
44.6815012	0.0000021
44.7648622	0.0000020
44.8482232	0.0000015
44.9315842	0.0000014
45.0149452	0.0000004
45.0983062	0.0000003
45.1816672	0.0000005
45.2650282	0.0000007
45.3483892	0.0000003
45.4317502	0.0000010
45.5151113	0.0000005
45.5984723	0.0000004
45.6818333	0.0000006
45.7651943	0.0000007
45.8485553	0.0000002
45.9319163	0.0000004
46.0152773	0.0000001
46.0986383	0.0000005
46.1819993	0.0000006
46.2653603	0.0000004
46.3487214	0.0000011
46.4320824	0.0000003
46.5154434	0.0000001
46.5988044	0.0000001
46.6821654	0.0000015
46.7655264	0.0000013
46.8488874	0.0000004
46.9322484	0.0000003
47.0156094	0.0000012
47.0989704	0.0000021
47.1823315	0.0000003
47.2656925	0.0000017
47.3490535	0.0000021
47.4324145	0.0000034
47.5157755	0.0000036
47.5991365	0.0000037
47.6824975	0.0000035
47.7658585	0.0000027
47.8492195	0.0000020
47.9325805	0.0000017
48.0159415	0.0000018
48.0993026	0.0000012
48.1826636	0.0000011
48.2660246	0.0000017
48.3493856	0.0000032
48.4327466	0.0000026
48.5161076	0.0000023
48.5994686	0.0000021
48.6828296	0.0000015
48.7661906	0.0000020
48.8495516	0.0000020
48.9329127	0.0000007
49.0162737	0.0000005
49.0996347	0.0000005
49.1829957	0.0000018
49.2663567	0.0000012
49.3497177	0.0000018
49.4330787	0.0000028
49.5164397	0.0000026
49.5998007	0.0000028
49.6831617	0.0000029
49.7665227	0.0000012
49.8498838	0.0000009
49.9332448	0.0000012
50.0166058	0.0000009
50.0999668	0.0000007
50.1833278	0.0000003
50.2666888	0.0000016
50.3500498	0.0000012
50.4334108	0.0000028
50.5167718	0.0000024
50.6001328	0.0000021
50.6834939	0.0000019
50.7668549	0.0000017
50.8502159	0.0000021
50.9335769	0.0000010
51.0169379	0.0000019
51.1002989	0.0000013
51.1836599	0.0000007
51.2670209	0.0000014
51.3503819	0.0000025
51.4337429	0.0000034
51.5171040	0.0000032
51.6004650	0.0000027
51.6838260	0.0000035
51.7671870	0.0000014
51.8505480	0.0000023
51.9339090	0.0000009
52.0172700	0.0000007
52.1006310	0.0000010
52.1839920	0.0000023
52.2673530	0.0000033
52.3507140	0.0000044
52.4340751	0.0000085
52.5174361	0.0000062
52.6007971	0.0000073
52.6841581	0.0000079
52.7675191	0.0000082
52.8508801	0.0000076
52.9342411	0.0000073
53.0176021	0.0000067
53.1009631	0.0000059
53.1843241	0.0000067
53.2676852	0.0000050
53.3510462	0.0000058
53.4344072	0.0000042
53.5177682	0.0000031
53.6011292	0.0000034
53.6844902	0.0000035
53.7678512	0.0000024
53.8512122	0.0000020
53.9345732	0.0000009
54.0179342	0.0000012
54.1012953	0.0000012
54.1846563	0.0000006
54.2680173	0.0000011
54.3513783	0.0000010
54.4347393	0.0000015
54.5181003	0.0000013
54.6014613	0.0000012
54.6848223	0.0000015
54.7681833	0.0000010
54.8515443	0.0000003
54.9349053	0.0000002
55.0182664	0.0000003
55.1016274	0.0000006
55.1849884	0.0000009
55.2683494	0.0000028
55.3517104	0.0000013
55.4350714	0.0000010
55.5184324	0.0000039
55.6017934	0.0000056
55.6851544	0.0000049
55.7685154	0.0000091
55.8518765	0.0000047
55.9352375	0.0000051
56.0185985	0.0000058
56.1019595	0.0000067
56.1853205	0.0000070
56.2686815	0.0000066
56.3520425	0.0000070
56.4354035	0.0000071
56.5187645	0.0000064
56.6021255	0.0000070
56.6854865	0.0000065
56.7688476	0.0000054
56.8522086	0.0000047
56.9355696	0.0000023
57.0189306	0.0000009
57.1022916	0.0000007
57.1856526	0.0000004
57.2690136	0.0000010
57.3523746	0.0000008
57.4357356	0.0000018
57.5190966	0.0000010
57.6024577	0.0000004
57.6858187	0.0000015
57.7691797	0.0000015
57.8525407	0.0000013
57.9359017	0.0000005
58.0192627	0.0000014
58.1026237	0.0000035
58.1859847	0.0000046
58.2693457	0.0000051
58.3527067	0.0000061
58.4360678	0.0000057
58.5194288	0.0000060
58.6027898	0.0000058
58.6861508	0.0000063
58.7695118	0.0000063
58.8528728	0.0000050
58.9362338	0.0000015
59.0195948	0.0000016
59.1029558	0.0000021
59.1863168	0.0000026
59.2696778	0.0000035
59.3530389	0.0000040
59.4363999	0.0000029
59.5197609	0.0000024
59.6031219	0.0000023
59.6864829	0.0000020
59.7698439	0.0000013
59.8532049	0.0000014
59.9365659	0.0000007
60.0199269	0.0000013
60.1032879	0.0000004
60.1866490	0.0000004
60.2700100	0.0000003
60.3533710	0.0000005
60.4367320	0.0000008
60.5200930	0.0000002
60.6034540	0.0000003
60.6868150	0.0000005
60.7701760	0.0000027
60.8535370	0.0000005
60.9368980	0.0000010
61.0202591	0.0000004
61.1036201	0.0000013
61.1869811	0.0000019
61.2703421	0.0000033
61.3537031	0.0000027
61.4370641	0.0000042
61.5204251	0.0000024
61.6037861	0.0000024
61.6871471	0.0000021
61.7705081	0.0000017
61.8538691	0.0000013
61.9372302	0.0000009
62.0205912	0.0000013
62.1039522	0.0000006
62.1873132	0.0000010
62.2706742	0.0000009
62.3540352	0.0000021
62.4373962	0.0000015
62.5207572	0.0000023
62.6041182	0.0000031
62.6874792	0.0000028
62.7708403	0.0000024
62.8542013	0.0000017
62.9375623	0.0000012
63.0209233	0.0000009
63.1042843	0.0000007
63.1876453	0.0000006
63.2710063	0.0000000
63.3543673	-0.0000001
63.4377283	0.0000001
63.5210893	-0.0000000
63.6044503	0.0000004
63.6878114	0.0000014
63.7711724	0.0000004
63.8545334	0.0000001
63.9378944	0.0000007
64.0212554	0.0000009
64.1046164	0.0000003
64.1879774	0.0000002
64.2713384	0.0000005
64.3546994	0.0000006
64.4380604	0.0000010
64.5214215	0.0000001
64.6047825	0.0000004
64.6881435	0.0000017
64.7715045	0.0000012
64.8548655	0.0000009
64.9382265	0.0000010
65.0215875	0.0000001
65.1049485	0.0000011
65.1883095	0.0000026
65.2716705	0.0000030
65.3550316	0.0000045
65.4383926	0.0000034
65.5217536	0.0000026
65.6051146	0.0000028
65.6884756	0.0000024
65.7718366	0.0000028
65.8551976	0.0000038
65.9385586	0.0000012
66.0219196	0.0000018
66.1052806	0.0000032
66.1886416	0.0000050
66.2720027	0.0000070
66.3553637	0.0000058
66.4387247	0.0000066
66.5220857	0.0000082
66.6054467	0.0000077
66.6888077	0.0000093
66.7721687	0.0000077
66.8555297	0.0000067
66.9388907	0.0000066
67.0222517	0.0000062
67.1056128	0.0000060
67.1889738	0.0000056
67.2723348	0.0000052
67.3556958	0.0000067
67.4390568	0.0000043
67.5224178	0.0000050
67.6057788	0.0000051
67.6891398	0.0000054
67.7725008	0.0000061
67.8558618	0.0000049
67.9392228	0.0000038
68.0225839	0.0000027
68.1059449	0.0000013
68.1893059	0.0000011
68.2726669	0.0000017
68.3560279	0.0000022
68.4393889	0.0000017
68.5227499	0.0000015
68.6061109	0.0000022
68.6894719	0.0000036
68.7728329	0.0000041
68.8561940	0.0000020
68.9395550	0.0000021
69.0229160	0.0000037
69.1062770	0.0000043
69.1896380	0.0000052
69.2729990	0.0000057
69.3563600	0.0000053
69.4397210	0.0000066
69.5230820	0.0000058
69.6064430	0.0000057
69.6898041	0.0000062
69.7731651	0.0000080
69.8565261	0.0000066
69.9398871	0.0000040
70.0232481	0.0000045
70.1066091	0.0000063
70.1899701	0.0000056
70.2733311	0.0000097
70.3566921	0.0000089
70.4400531	0.0000088
70.5234141	0.0000100
70.6067752	0.0000094
70.6901362	0.0000107
70.7734972	0.0000082
70.8568582	0.0000079
70.9402192	0.0000077
71.0235802	0.0000069
71.1069412	0.0000066
71.1903022	0.0000063
71.2736632	0.0000060
71.3570242	0.0000051
71.4403853	0.0000027
71.5237463	0.0000017
71.6071073	0.0000011
71.6904683	0.0000015
71.7738293	0.0000017
71.8571903	0.0000012
71.9405513	0.0000011
72.0239123	0.0000008
72.1072733	0.0000020
72.1906343	0.0000010
72.2739954	0.0000012
72.3573564	0.0000010
72.4407174	0.0000014
72.5240784	0.0000023
72.6074394	0.0000027
72.6908004	0.0000026
72.7741614	0.0000025
72.8575224	0.0000032
72.9408834	0.0000009
73.0242444	0.0000016
73.1076054	0.0000018
73.1909665	0.0000021
73.2743275	0.0000046
73.3576885	0.0000043
73.4410495	0.0000037
73.5244105	0.0000039
73.6077715	0.0000041
73.6911325	0.0000035
73.7744935	0.0000044
73.8578545	0.0000016
73.9412155	0.0000018
74.0245766	0.0000015
74.1079376	0.0000018
74.1912986	0.0000021
74.2746596	0.0000056
74.3580206	0.0000066
74.4413816	0.0000065
74.5247426	0.0000066
74.6081036	0.0000088
74.6914646	0.0000079
74.7748256	0.0000083
74.8581866	0.0000083
74.9415477	0.0000073
75.0249087	0.0000068
75.1082697	0.0000057
75.1916307	0.0000053
75.2749917	0.0000048
75.3583527	0.0000045
75.4417137	0.0000048
75.5250747	0.0000034
75.6084357	0.0000034
75.6917967	0.0000027
75.7751578	0.0000026
75.8585188	0.0000011
75.9418798	0.0000013
76.0252408	0.0000009
76.1086018	0.0000012
76.1919628	0.0000004
76.2753238	0.0000000
76.3586848	0.0000026
76.4420458	0.0000012
76.5254068	0.0000014
76.6087679	0.0000031
76.6921289	0.0000037
76.7754899	0.0000045
76.8588509	0.0000022
76.9422119	0.0000019
77.0255729	0.0000015
77.1089339	0.0000010
77.1922949	0.0000027
77.2756559	0.0000020
77.3590169	0.0000047
77.4423779	0.0000032
77.5257390	0.0000035
77.6091000	0.0000045
77.6924610	0.0000055
77.7758220	0.0000059
77.8591830	0.0000042
77.9425440	0.0000024
78.0259050	0.0000022
78.1092660	0.0000035
78.1926270	0.0000044
78.2759880	0.0000043
78.3593491	0.0000048
78.4427101	0.0000042
78.5260711	0.0000030
78.6094321	0.0000036
78.6927931	0.0000032
78.7761541	0.0000022
78.8595151	0.0000014
78.9428761	0.0000014
79.0262371	0.0000006
79.1095981	0.0000004
79.1929591	0.0000002
79.2763202	0.0000006
79.3596812	-0.0000005
79.4430422	-0.0000016
79.5264032	-0.0000008
79.6097642	0.0000001
79.6931252	0.0000005
79.7764862	0.0000017
79.8598472	0.0000002
79.9432082	0.0000007
80.0265692	0.0000002
80.1099303	0.0000007
80.1932913	0.0000011
80.2766523	-0.0000001
80.3600133	0.0000014
80.4433743	0.0000009
80.5267353	0.0000018
80.6100963	0.0000035
80.6934573	0.0000043
80.7768183	0.0000053
80.8601793	0.0000028
80.9435404	0.0000024
81.0269014	0.0000028
81.1102624	0.0000035
81.1936234	0.0000025
81.2769844	0.0000035
81.3603454	0.0000032
81.4437064	0.0000023
81.5270674	0.0000031
81.6104284	0.0000033
81.6937894	0.0000036
81.7771504	0.0000026
81.8605115	0.0000017
81.9438725	0.0000007
82.0272335	0.0000006
82.1105945	0.0000009
82.1939555	0.0000004
82.2773165	0.0000001
82.3606775	-0.0000006
82.4440385	0.0000001
82.5273995	-0.0000013
82.6107605	-0.0000002
82.6941216	0.0000004
82.7774826	0.0000003
82.8608436	0.0000008
82.9442046	0.0000003
83.0275656	0.0000005
83.1109266	0.0000013
83.1942876	0.0000006
83.2776486	0.0000006
83.3610096	-0.0000007
83.4443706	-0.0000013
83.5277317	-0.0000003
83.6110927	0.0000008
83.6944537	0.0000009
83.7778147	0.0000019
83.8611757	0.0000008
83.9445367	0.0000010
84.0278977	0.0000004
84.1112587	0.0000007
84.1946197	0.0000014
84.2779807	0.0000019
84.3613417	0.0000030
84.4447028	0.0000018
84.5280638	0.0000033
84.6114248	0.0000052
84.6947858	0.0000069
84.7781468	0.0000068
84.8615078	0.0000048
84.9448688	0.0000047
85.0282298	0.0000042
85.1115908	0.0000057
85.1949518	0.0000062
85.2783129	0.0000055
85.3616739	0.0000063
85.4450349	0.0000040
85.5283959	0.0000051
85.6117569	0.0000063
85.6951179	0.0000065
85.7784789	0.0000061
85.8618399	0.0000065
85.9452009	0.0000048
86.0285619	0.0000028
86.1119229	0.0000011
86.1952840	0.0000010
86.2786450	-0.0000000
86.3620060	-0.0000016
86.4453670	-0.0000020
86.5287280	-0.0000011
86.6120890	0.0000006
86.6954500	0.0000018
86.7788110	0.0000008
86.8621720	0.0000017
86.9455330	0.0000008
87.0288941	0.0000004
87.1122551	0.0000009
87.1956161	0.0000016
87.2789771	0.0000023
87.3623381	0.0000032
87.4456991	0.0000015
87.5290601	0.0000021
87.6124211	0.0000033
87.6957821	0.0000029
87.7791431	0.0000021
87.8625042	0.0000015
87.9458652	0.0000015
88.0292262	0.0000014
88.1125872	0.0000005
88.1959482	0.0000005
88.2793092	0.0000007
88.3626702	-0.0000015
88.4460312	-0.0000023
88.5293922	-0.0000016
88.6127532	0.0000004
88.6961142	0.0000003
88.7794753	0.0000027
88.8628363	0.0000014
88.9461973	0.0000004
89.0295583	0.0000006
89.1129193	0.0000020
89.1962803	0.0000031
89.2796413	0.0000035
89.3630023	0.0000033
89.4463633	0.0000021
89.5297243	0.0000011
89.6130854	0.0000024
89.6964464	0.0000030
89.7798074	0.0000027
89.8631684	0.0000043
89.9465294	0.0000016
90.0298904	0.0000029
90.1132514	0.0000042
90.1966124	0.0000052
90.2799734	0.0000056
90.3633344	0.0000065
90.4466955	0.0000055
90.5300565	0.0000033
90.6134175	0.0000062
90.6967785	0.0000071
90.7801395	0.0000066
90.8635005	0.0000057
90.9468615	0.0000053
91.0302225	0.0000047
91.1135835	0.0000037
91.1969445	0.0000015
91.2803055	0.0000007
91.3636666	-0.0000012
91.4470276	-0.0000008
91.5303886	-0.0000005
91.6137496	0.0000011
91.6971106	0.0000021
91.7804716	0.0000010
91.8638326	0.0000006
91.9471936	0.0000012
92.0305546	0.0000003
92.1139156	0.0000005
92.1972767	0.0000007
92.2806377	0.0000017
92.3639987	0.0000019
92.4473597	0.0000004
92.5307207	0.0000002
92.6140817	0.0000033
92.6974427	0.0000048
92.7808037	0.0000056
92.8641647	0.0000031
92.9475257	0.0000037
93.0308867	0.0000039
93.1142478	0.0000053
93.1976088	0.0000051
93.2809698	0.0000052
93.3643308	0.0000039
93.4476918	0.0000029
93.5310528	0.0000030
93.6144138	0.0000052
93.6977748	0.0000060
93.7811358	0.0000048
93.8644968	0.0000033
93.9478579	0.0000015
94.0312189	0.0000012
94.1145799	0.0000010
94.1979409	0.0000012
94.2813019	0.0000025
94.3646629	0.0000003
94.4480239	-0.0000019
94.5313849	-0.0000019
94.6147459	0.0000014
94.6981069	0.0000024
94.7814680	0.0000016
94.8648290	0.0000021
94.9481900	0.0000010
95.0315510	0.0000008
95.1149120	0.0000012
95.1982730	0.0000020
95.2816340	0.0000043
95.3649950	0.0000042
95.4483560	0.0000058
95.5317170	0.0000054
95.6150780	0.0000078
95.6984391	0.0000080
95.7818001	0.0000089
95.8651611	0.0000069
95.9485221	0.0000061
96.0318831	0.0000061
96.1152441	0.0000057
96.1986051	0.0000062
96.2819661	0.0000063
96.3653271	0.0000049
96.4486881	0.0000034
96.5320492	0.0000051
96.6154102	0.0000058
96.6987712	0.0000065
96.7821322	0.0000078
96.8654932	0.0000052
96.9488542	0.0000048
97.0322152	0.0000040
97.1155762	0.0000027
97.1989372	0.0000020
97.2822982	0.0000021
97.3656592	0.0000010
97.4490203	0.0000011
97.5323813	0.0000016
97.6157423	0.0000027
97.6991033	0.0000035
97.7824643	0.0000017
97.8658253	0.0000023
97.9491863	0.0000014
98.0325473	0.0000011
98.1159083	0.0000009
98.1992693	0.0000008
98.2826304	0.0000002
98.3659914	-0.0000017
98.4493524	-0.0000006
98.5327134	-0.0000011
98.6160744	0.0000008
98.6994354	0.0000011
98.7827964	0.0000012
98.8661574	0.0000017
98.9495184	0.0000007
99.0328794	0.0000004
99.1162405	0.0000008
99.1996015	0.0000009
99.2829625	0.0000003
99.3663235	0.0000012
99.4496845	0.0000017
99.5330455	0.0000008
99.6164065	0.0000027
99.6997675	0.0000034
99.7831285	0.0000032
99.8664895	0.0000026
99.9498505	0.0000018
100.0332116	0.0000015
100.1165726	0.0000011
100.1999336	0.0000012
100.2832946	-0.0000009
100.3666556	-0.0000026
100.4500166	-0.0000029
100.5333776	-0.0000019
100.6167386	-0.0000000
100.7000996	0.0000002
100.7834606	0.0000013
100.8668217	0.0000007
100.9501827	0.0000006
101.0335437	0.0000003
101.1169047	0.0000006
101.2002657	0.0000012
101.2836267	0.0000008
101.3669877	-0.0000012
101.4503487	-0.0000030
101.5337097	-0.0000023
101.6170707	0.0000010
101.7004318	0.0000020
101.7837928	0.0000025
101.8671538	0.0000012
101.9505148	0.0000008
102.0338758	0.0000016
102.1172368	0.0000009
102.2005978	0.0000010
102.2839588	0.0000009
102.3673198	0.0000027
102.4506808	0.0000044
102.5340418	0.0000007
102.6174029	0.0000028
102.7007639	0.0000046
102.7841249	0.0000045
102.8674859	0.0000044
102.9508469	0.0000039
103.0342079	0.0000035
103.1175689	0.0000022
103.2009299	0.0000021
103.2842909	0.0000005
103.3676519	-0.0000034
103.4510130	-0.0000022
103.5343740	-0.0000029
103.6177350	0.0000015
103.7010960	0.0000012
103.7844570	0.0000007
103.8678180	0.0000010
103.9511790	0.0000005
104.0345400	0.0000008
104.1179010	0.0000005
104.2012620	0.0000006
104.2846230	0.0000004
104.3679841	-0.0000006
104.4513451	-0.0000033
104.5347061	-0.0000031
104.6180671	0.0000002
104.7014281	0.0000007
104.7847891	0.0000015
104.8681501	0.0000008
104.9515111	0.0000003
105.0348721	0.0000017
105.1182331	0.0000005
105.2015942	0.0000016
105.2849552	0.0000028
105.3683162	-0.0000000
105.4516772	-0.0000000
105.5350382	0.0000028
105.6183992	0.0000052
105.7017602	0.0000070
105.7851212	0.0000079
105.8684822	0.0000055
105.9518432	0.0000051
106.0352043	0.0000031
106.1185653	0.0000031
106.2019263	0.0000055
106.2852873	0.0000065
106.3686483	0.0000051
106.4520093	0.0000056
106.5353703	0.0000049
106.6187313	0.0000080
106.7020923	0.0000083
106.7854533	0.0000086
106.8688143	0.0000080
106.9521754	0.0000072
107.0355364	0.0000074
107.1188974	0.0000078
107.2022584	0.0000073
107.2856194	0.0000064
107.3689804	0.0000049
107.4523414	0.0000051
107.5357024	0.0000062
107.6190634	0.0000080
107.7024244	0.0000085
107.7857855	0.0000091
107.8691465	0.0000084
107.9525075	0.0000076
108.0358685	0.0000069
108.1192295	0.0000074
108.2025905	0.0000057
108.2859515	0.0000055
108.3693125	0.0000063
108.4526735	0.0000025
108.5360345	0.0000052
108.6193955	0.0000056
108.7027566	0.0000064
108.7861176	0.0000056
108.8694786	0.0000066
108.9528396	0.0000052
109.0362006	0.0000031
109.1195616	0.0000027
109.2029226	0.0000037
109.2862836	0.0000031
109.3696446	0.0000030
109.4530056	0.0000024
109.5363667	0.0000039
109.6197277	0.0000024
109.7030887	0.0000046
109.7864497	0.0000037
109.8698107	0.0000035
109.9531717	0.0000025
110.0365327	0.0000020
110.1198937	0.0000018
110.2032547	0.0000021
110.2866157	0.0000001
110.3699768	-0.0000003
110.4533378	-0.0000005
110.5366988	-0.0000032
110.6200598	0.0000011
110.7034208	0.0000013
110.7867818	0.0000009
110.8701428	0.0000007
110.9535038	0.0000006
111.0368648	0.0000015
111.1202258	0.0000002
111.2035868	0.0000007
111.2869479	0.0000003
111.3703089	-0.0000041
111.4536699	-0.0000065
111.5370309	-0.0000042
111.6203919	-0.0000001
111.7037529	0.0000010
111.7871139	0.0000027
111.8704749	0.0000004
111.9538359	0.0000005
112.0371969	0.0000022
112.1205580	0.0000009
112.2039190	0.0000026
112.2872800	0.0000039
112.3706410	0.0000024
112.4540020	-0.0000016
112.5373630	0.0000017
112.6207240	0.0000052
112.7040850	0.0000065
112.7874460	0.0000059
112.8708070	0.0000049
112.9541681	0.0000026
113.0375291	0.0000016
113.1208901	0.0000016
113.2042511	0.0000015
113.2876121	0.0000018
113.3709731	-0.0000008
113.4543341	-0.0000024
113.5376951	-0.0000016
113.6210561	0.0000015
113.7044171	0.0000023
113.7877781	0.0000017
113.8711392	0.0000017
113.9545002	0.0000010
114.0378612	0.0000009
114.1212222	0.0000005
114.2045832	0.0000007
114.2879442	-0.0000005
114.3713052	-0.0000016
114.4546662	-0.0000053
114.5380272	-0.0000039
114.6213882	0.0000023
114.7047493	0.0000006
114.7881103	0.0000006
114.8714713	0.0000012
114.9548323	0.0000009
115.0381933	0.0000006
115.1215543	0.0000011
115.2049153	0.0000014
115.2882763	0.0000013
115.3716373	-0.0000039
115.4549983	-0.0000023
115.5383593	-0.0000033
115.6217204	0.0000008
115.7050814	0.0000014
115.7884424	0.0000019
115.8718034	0.0000011
115.9551644	0.0000007
116.0385254	0.0000009
116.1218864	0.0000008
116.2052474	0.0000011
116.2886084	0.0000013
116.3719694	-0.0000046
116.4553305	-0.0000062
116.5386915	-0.0000039
116.6220525	0.0000002
116.7054135	0.0000028
116.7887745	0.0000012
116.8721355	0.0000008
116.9554965	0.0000011
117.0388575	0.0000009
117.1222185	0.0000016
117.2055795	0.0000015
117.2889406	0.0000005
117.3723016	0.0000001
117.4556626	-0.0000041
117.5390236	-0.0000015
117.6223846	0.0000028
117.7057456	0.0000031
117.7891066	0.0000034
117.8724676	0.0000020
117.9558286	0.0000013
118.0391896	0.0000010
118.1225506	0.0000008
118.2059117	0.0000009
118.2892727	-0.0000018
118.3726337	-0.0000028
118.4559947	-0.0000048
118.5393557	-0.0000045
118.6227167	0.0000004
118.7060777	0.0000006
118.7894387	0.0000004
118.8727997	0.0000008
118.9561607	0.0000007
119.0395218	0.0000002
119.1228828	0.0000003
119.2062438	0.0000006
119.2896048	0.0000017
119.3729658	0.0000001
119.4563268	-0.0000051
119.5396878	-0.0000052
119.6230488	-0.0000008
119.7064098	0.0000008
119.7897708	0.0000010
119.8731318	0.0000008
119.9564929	0.0000004
120.0398539	0.0000006
120.1232149	0.0000005
120.2065759	0.0000009
120.2899369	-0.0000002
120.3732979	-0.0000041
120.4566589	-0.0000062
120.5400199	-0.0000054
120.6233809	0.0000006
120.7067419	0.0000008
120.7901030	0.0000005
120.8734640	0.0000018
120.9568250	0.0000004
121.0401860	0.0000011
121.1235470	0.0000007
121.2069080	0.0000011
121.2902690	0.0000017
121.3736300	-0.0000018
121.4569910	-0.0000016
121.5403520	-0.0000034
121.6237131	-0.0000020
121.7070741	0.0000023
121.7904351	0.0000027
121.8737961	0.0000023
121.9571571	0.0000028
122.0405181	0.0000047
122.1238791	0.0000047
122.2072401	0.0000060
122.2906011	0.0000048
122.3739621	0.0000029
122.4573231	-0.0000003
122.5406842	0.0000024
122.6240452	0.0000059
122.7074062	0.0000074
122.7907672	0.0000057
122.8741282	0.0000060
122.9574892	0.0000050
123.0408502	0.0000033
123.1242112	0.0000019
123.2075722	0.0000037
123.2909332	0.0000051
123.3742943	0.0000024
123.4576553	-0.0000005
123.5410163	-0.0000012
123.6243773	0.0000049
123.7077383	0.0000056
123.7910993	0.0000050
123.8744603	0.0000031
123.9578213	0.0000018
124.0411823	0.0000017
124.1245433	0.0000012
124.2079044	0.0000046
124.2912654	0.0000030
124.3746264	0.0000068
124.4579874	0.0000065
124.5413484	0.0000052
124.6247094	0.0000064
124.7080704	0.0000084
124.7914314	0.0000098
124.8747924	0.0000080
124.9581534	0.0000078
125.0415144	0.0000073
125.1248755	0.0000069
125.2082365	0.0000069
125.2915975	0.0000061
125.3749585	0.0000078
125.4583195	0.0000025
125.5416805	0.0000028
125.6250415	0.0000049
125.7084025	0.0000070
125.7917635	0.0000083
125.8751245	0.0000087
125.9584856	0.0000061
126.0418466	0.0000053
126.1252076	0.0000061
126.2085686	0.0000059
126.2919296	0.0000056
126.3752906	0.0000058
126.4586516	0.0000013
126.5420126	0.0000006
126.6253736	0.0000052
126.7087346	0.0000074
126.7920956	0.0000071
126.8754567	0.0000066
126.9588177	0.0000045
127.0421787	0.0000038
127.1255397	0.0000051
127.2089007	0.0000054
127.2922617	0.0000044
127.3756227	0.0000003
127.4589837	-0.0000010
127.5423447	-0.0000008
127.6257057	0.0000041
127.7090668	0.0000073
127.7924278	0.0000046
127.8757888	0.0000035
127.9591498	0.0000019
128.0425108	0.0000021
128.1258718	0.0000020
128.2092328	0.0000015
128.2925938	-0.0000007
128.3759548	-0.0000014
128.4593158	-0.0000059
128.5426769	-0.0000041
128.6260379	0.0000002
128.7093989	0.0000018
128.7927599	0.0000029
128.8761209	0.0000012
128.9594819	0.0000013
129.0428429	0.0000007
129.1262039	0.0000016
129.2095649	0.0000030
129.2929259	0.0000045
129.3762869	0.0000057
129.4596480	0.0000036
129.5430090	-0.0000004
129.6263700	0.0000033
129.7097310	0.0000079
129.7930920	0.0000070
129.8764530	0.0000062
129.9598140	0.0000054
130.0431750	0.0000047
130.1265360	0.0000044
130.2098970	0.0000033
130.2932581	-0.0000008
130.3766191	0.0000004
130.4599801	-0.0000041
130.5433411	-0.0000028
130.6267021	0.0000001
130.7100631	0.0000012
130.7934241	0.0000012
130.8767851	0.0000036
130.9601461	0.0000013
131.0435071	0.0000012
131.1268682	0.0000024
131.2102292	0.0000028
131.2935902	0.0000043
131.3769512	0.0000036
131.4603122	-0.0000035
131.5436732	-0.0000002
131.6270342	0.0000048
131.7103952	0.0000053
131.7937562	0.0000046
131.8771172	0.0000025
131.9604782	0.0000021
132.0438393	0.0000016
132.1272003	0.0000015
132.2105613	0.0000013
132.2939223	-0.0000004
132.3772833	-0.0000033
132.4606443	-0.0000045
132.5440053	-0.0000045
132.6273663	0.0000006
132.7107273	0.0000013
132.7940883	0.0000007
132.8774494	0.0000006
132.9608104	0.0000004
133.0441714	0.0000004
133.1275324	0.0000004
133.2108934	0.0000009
133.2942544	0.0000017
133.3776154	-0.0000027
133.4609764	0.0000007
133.5443374	-0.0000036
133.6276984	-0.0000009
133.7110594	0.0000010
133.7944205	0.0000016
133.8777815	0.0000018
133.9611425	0.0000014
134.0445035	0.0000010
134.1278645	0.0000021
134.2112255	0.0000041
134.2945865	0.0000007
134.3779475	-0.0000021
134.4613085	-0.0000036
134.5446695	-0.0000013
134.6280306	0.0000046
134.7113916	0.0000049
134.7947526	0.0000033
134.8781136	0.0000031
134.9614746	0.0000026
135.0448356	0.0000023
135.1281966	0.0000034
135.2115576	0.0000054
135.2949186	0.0000049
135.3782796	0.0000028
135.4616407	-0.0000035
135.5450017	-0.0000028
135.6283627	0.0000043
135.7117237	0.0000055
135.7950847	0.0000054
135.8784457	0.0000042
135.9618067	0.0000036
136.0451677	0.0000026
136.1285287	0.0000030
136.2118897	0.0000019
136.2952507	0.0000043
136.3786118	0.0000048
136.4619728	0.0000023
136.5453338	-0.0000014
136.6286948	0.0000047
136.7120558	0.0000069
136.7954168	0.0000064
136.8787778	0.0000060
136.9621388	0.0000055
137.0454998	0.0000037
137.1288608	0.0000022
137.2122219	0.0000020
137.2955829	0.0000001
137.3789439	0.0000028
137.4623049	-0.0000055
137.5456659	-0.0000036
137.6290269	0.0000007
137.7123879	0.0000024
137.7957489	0.0000024
137.8791099	0.0000038
137.9624709	0.0000014
138.0458319	0.0000017
138.1291930	0.0000027
138.2125540	0.0000027
138.2959150	0.0000018
138.3792760	-0.0000002
138.4626370	-0.0000034
138.5459980	-0.0000008
138.6293590	0.0000036
138.7127200	0.0000043
138.7960810	0.0000025
138.8794420	0.0000023
138.9628031	0.0000019
139.0461641	0.0000010
139.1295251	0.0000010
139.2128861	0.0000013
139.2962471	0.0000012
139.3796081	0.0000001
139.4629691	-0.0000059
139.5463301	-0.0000034
139.6296911	0.0000006
139.7130521	0.0000033
139.7964132	0.0000016
139.8797742	0.0000017
139.9631352	0.0000011
140.0464962	0.0000009
140.1298572	0.0000015
140.2132182	0.0000020
140.2965792	0.0000024
140.3799402	-0.0000019
140.4633012	-0.0000024
140.5466622	-0.0000016
140.6300232	0.0000038
140.7133843	0.0000049
140.7967453	0.0000037
140.8801063	0.0000024
140.9634673	0.0000020
141.0468283	0.0000014
141.1301893	0.0000015
141.2135503	0.0000016
141.2969113	-0.0000016
141.3802723	-0.0000049
141.4636333	-0.0000081
141.5469944	-0.0000037
141.6303554	-0.0000000
141.7137164	0.0000009
141.7970774	0.0000008
141.8804384	0.0000012
141.9637994	0.0000004
142.0471604	0.0000016
142.1305214	0.0000007
142.2138824	0.0000013
142.2972434	0.0000000
142.3806045	-0.0000030
142.4639655	-0.0000043
142.5473265	-0.0000040
142.6306875	0.0000018
142.7140485	0.0000027
142.7974095	0.0000025
142.8807705	0.0000014
142.9641315	0.0000029
143.0474925	0.0000021
143.1308535	0.0000041
143.2142145	0.0000061
143.2975756	0.0000088
143.3809366	0.0000065
143.4642976	0.0000102
143.5476586	0.0000086
143.6310196	0.0000075
143.7143806	0.0000096
143.7977416	0.0000100
143.8811026	0.0000087
143.9644636	0.0000091
144.0478246	0.0000080
144.1311857	0.0000082
144.2145467	0.0000073
144.2979077	0.0000097
144.3812687	0.0000052
144.4646297	0.0000038
144.5479907	0.0000042
144.6313517	0.0000069
144.7147127	0.0000078
144.7980737	0.0000076
144.8814347	0.0000068
144.9647957	0.0000063
145.0481568	0.0000057
145.1315178	0.0000058
145.2148788	0.0000024
145.2982398	-0.0000008
145.3816008	-0.0000043
145.4649618	-0.0000018
145.5483228	-0.0000057
145.6316838	-0.0000004
145.7150448	0.0000012
145.7984058	0.0000010
145.8817669	0.0000007
145.9651279	0.0000010
146.0484889	0.0000004
146.1318499	0.0000005
146.2152109	0.0000010
146.2985719	-0.0000016
146.3819329	-0.0000049
146.4652939	-0.0000030
146.5486549	-0.0000035
146.6320159	-0.0000002
146.7153770	0.0000009
146.7987380	0.0000010
146.8820990	0.0000005
146.9654600	0.0000005
147.0488210	0.0000003
147.1321820	0.0000016
147.2155430	0.0000008
147.2989040	0.0000001
147.3822650	-0.0000032
147.4656260	-0.0000074
147.5489870	-0.0000048
147.6323481	0.0000007
147.7157091	0.0000008
147.7990701	0.0000007
147.8824311	0.0000011
147.9657921	0.0000005
148.0491531	0.0000004
148.1325141	0.0000011
148.2158751	0.0000010
148.2992361	0.0000038
148.3825971	0.0000019
148.4659582	-0.0000057
148.5493192	-0.0000006
148.6326802	0.0000037
148.7160412	0.0000060
148.7994022	0.0000055
148.8827632	0.0000062
148.9661242	0.0000037
149.0494852	0.0000035
149.1328462	0.0000024
149.2162072	0.0000024
149.2995682	0.0000023
149.3829293	-0.0000010
149.4662903	0.0000006
149.5496513	0.0000002
149.6330123	0.0000027
149.7163733	0.0000032
149.7997343	0.0000047
149.8830953	0.0000022
149.9664563	0.0000023
150.0498173	0.0000022
150.1331783	0.0000031
150.2165394	0.0000038
150.2999004	0.0000050
150.3832614	0.0000005
150.4666224	0.0000005
150.5499834	-0.0000007
150.6333444	0.0000041
150.7167054	0.0000040
150.8000664	0.0000032
150.8834274	0.0000034
150.9667884	0.0000024
151.0501495	0.0000016
151.1335105	0.0000013
151.2168715	0.0000016
151.3002325	0.0000010
151.3835935	0.0000014
151.4669545	-0.0000018
151.5503155	-0.0000002
151.6336765	0.0000031
151.7170375	0.0000032
151.8003985	0.0000025
151.8837595	0.0000031
151.9671206	0.0000015
152.0504816	0.0000016
152.1338426	0.0000016
152.2172036	0.0000025
152.3005646	0.0000013
152.3839256	0.0000027
152.4672866	0.0000019
152.5506476	-0.0000008
152.6340086	0.0000046
152.7173696	0.0000060
152.8007307	0.0000044
152.8840917	0.0000059
152.9674527	0.0000029
153.0508137	0.0000035
153.1341747	0.0000046
153.2175357	0.0000063
153.3008967	0.0000055
153.3842577	0.0000038
153.4676187	0.0000001
153.5509797	0.0000007
153.6343408	0.0000053
153.7177018	0.0000059
153.8010628	0.0000067
153.8844238	0.0000051
153.9677848	0.0000025
154.0511458	0.0000019
154.1345068	0.0000017
154.2178678	0.0000017
154.3012288	0.0000011
154.3845898	0.0000010
154.4679508	-0.0000016
154.5513119	-0.0000004
154.6346729	0.0000016
154.7180339	0.0000025
154.8013949	0.0000027
154.8847559	0.0000031
154.9681169	0.0000015
155.0514779	0.0000014
155.1348389	0.0000017
155.2181999	0.0000015
155.3015609	0.0000034
155.3849220	0.0000025
155.4682830	0.0000043
155.5516440	0.0000020
155.6350050	0.0000037
155.7183660	0.0000050
155.8017270	0.0000063
155.8850880	0.0000046
155.9684490	0.0000044
156.0518100	0.0000030
156.1351710	0.0000024
156.2185320	0.0000017
156.3018931	0.0000027
156.3852541	-0.0000036
156.4686151	-0.0000026
156.5519761	-0.0000030
156.6353371	0.0000007
156.7186981	0.0000011
156.8020591	0.0000014
156.8854201	0.0000008
156.9687811	0.0000005
157.0521421	0.0000010
157.1355032	0.0000004
157.2188642	0.0000010
157.3022252	0.0000004
157.3855862	-0.0000017
157.4689472	0.0000011
157.5523082	-0.0000042
157.6356692	-0.0000009
157.7190302	0.0000016
157.8023912	0.0000034
157.8857522	0.0000012
157.9691133	0.0000010
158.0524743	0.0000012
158.1358353	0.0000032
158.2191963	0.0000022
158.3025573	0.0000025
158.3859183	0.0000010
158.4692793	-0.0000024
158.5526403	0.0000008
158.6360013	0.0000037
158.7193623	0.0000043
158.8027233	0.0000046
158.8860844	0.0000032
158.9694454	0.0000015
159.0528064	0.0000016
159.1361674	0.0000025
159.2195284	0.0000036
159.3028894	0.0000029
159.3862504	0.0000010
159.4696114	-0.0000003
159.5529724	0.0000014
159.6363334	0.0000023
159.7196945	0.0000045
159.8030555	0.0000024
159.8864165	0.0000025
159.9697775	0.0000019
160.0531385	0.0000019
160.1364995	0.0000018
160.2198605	0.0000023
160.3032215	0.0000005
160.3865825	-0.0000011
160.4699435	-0.0000022
160.5533045	0.0000001
160.6366656	0.0000013
160.7200266	0.0000019
160.8033876	0.0000030
160.8867486	0.0000013
160.9701096	0.0000013
161.0534706	0.0000010
161.1368316	0.0000012
161.2201926	0.0000011
161.3035536	0.0000015
161.3869146	0.0000004
161.4702757	-0.0000043
161.5536367	-0.0000018
161.6369977	0.0000013
161.7203587	0.0000010
161.8037197	0.0000008
161.8870807	0.0000011
161.9704417	0.0000009
162.0538027	0.0000013
162.1371637	0.0000005
162.2205247	0.0000009
162.3038858	0.0000009
162.3872468	0.0000018
162.4706078	-0.0000035
162.5539688	-0.0000031
162.6373298	0.0000006
162.7206908	0.0000012
162.8040518	0.0000010
162.8874128	0.0000011
162.9707738	0.0000009
163.0541348	0.0000007
163.1374958	0.0000004
163.2208569	0.0000003
163.3042179	-0.0000008
163.3875789	-0.0000019
163.4709399	-0.0000058
163.5543009	-0.0000040
163.6376619	0.0000000
163.7210229	0.0000008
163.8043839	0.0000014
163.8877449	0.0000005
163.9711059	0.0000006
164.0544670	0.0000005
164.1378280	0.0000009
164.2211890	0.0000008
164.3045500	-0.0000010
164.3879110	-0.0000042
164.4712720	-0.0000061
164.5546330	-0.0000024
164.6379940	0.0000007
164.7213550	0.0000013
164.8047160	0.0000012
164.8880771	0.0000008
164.9714381	0.0000008
165.0547991	0.0000010
165.1381601	0.0000007
165.2215211	0.0000010
165.3048821	-0.0000006
165.3882431	-0.0000006
165.4716041	-0.0000018
165.5549651	-0.0000044
165.6383261	0.0000002
165.7216871	0.0000011
165.8050482	0.0000031
165.8884092	0.0000008
165.9717702	0.0000009
166.0551312	0.0000012
166.1384922	0.0000014
166.2218532	0.0000024
166.3052142	0.0000023
166.3885752	0.0000044
166.4719362	0.0000025
166.5552972	0.0000001
166.6386583	0.0000027
166.7220193	0.0000064
166.8053803	0.0000065
166.8887413	0.0000065
166.9721023	0.0000058
167.0554633	0.0000050
167.1388243	0.0000031
167.2221853	0.0000033
167.3055463	0.0000020
167.3889073	0.0000004
167.4722683	-0.0000032
167.5556294	-0.0000010
167.6389904	0.0000019
167.7223514	0.0000029
167.8057124	0.0000057
167.8890734	0.0000014
167.9724344	0.0000031
168.0557954	0.0000050
168.1391564	0.0000055
168.2225174	0.0000049
168.3058784	0.0000053
168.3892395	0.0000009
168.4726005	-0.0000020
168.5559615	0.0000012
168.6393225	0.0000037
168.7226835	0.0000047
168.8060445	0.0000035
168.8894055	0.0000030
168.9727665	0.0000017
169.0561275	0.0000012
169.1394885	0.0000011
169.2228496	0.0000014
169.3062106	0.0000018
169.3895716	0.0000023
169.4729326	-0.0000035
169.5562936	-0.0000031
169.6396546	0.0000008
169.7230156	0.0000014
169.8063766	0.0000019
169.8897376	0.0000016
169.9730986	0.0000010
170.0564596	0.0000008
170.1398207	0.0000008
170.2231817	0.0000009
170.3065427	0.0000002
170.3899037	-0.0000041
170.4732647	-0.0000034
170.5566257	-0.0000009
170.6399867	0.0000003
170.7233477	0.0000010
170.8067087	0.0000010
170.8900697	0.0000008
170.9734308	0.0000008
171.0567918	0.0000007
171.1401528	0.0000008
171.2235138	0.0000009
171.3068748	0.0000015
171.3902358	-0.0000017
171.4735968	-0.0000037
171.5569578	-0.0000026
171.6403188	0.0000003
171.7236798	0.0000018
171.8070409	0.0000014
171.8904019	0.0000007
171.9737629	0.0000004
172.0571239	0.0000005
172.1404849	0.0000011
172.2238459	0.0000009
172.3072069	0.0000003
172.3905679	-0.0000016
172.4739289	-0.0000012
172.5572899	-0.0000030
172.6406509	0.0000004
172.7240120	0.0000028
172.8073730	0.0000005
172.8907340	0.0000012
172.9740950	0.0000010
173.0574560	0.0000021
173.1408170	0.0000008
173.2241780	0.0000015
173.3075390	-0.0000003
173.3909000	-0.0000002
173.4742610	-0.0000038
173.5576221	-0.0000011
173.6409831	0.0000011
173.7243441	0.0000014
173.8077051	0.0000011
173.8910661	0.0000011
173.9744271	0.0000007
174.0577881	0.0000014
174.1411491	0.0000004
174.2245101	0.0000010
174.3078711	-0.0000016
174.3912321	-0.0000037
174.4745932	-0.0000054
174.5579542	-0.0000033
174.6413152	0.0000004
174.7246762	0.0000006
174.8080372	0.0000009
174.8913982	0.0000006
174.9747592	0.0000011
175.0581202	0.0000008
175.1414812	0.0000007
175.2248422	0.0000008
175.3082033	-0.0000002
175.3915643	-0.0000008
175.4749253	-0.0000047
175.5582863	-0.0000031
175.6416473	0.0000001
175.7250083	0.0000012
175.8083693	0.0000006
175.8917303	0.0000005
175.9750913	0.0000016
176.0584523	0.0000003
176.1418134	0.0000003
176.2251744	0.0000004
176.3085354	-0.0000024
176.3918964	-0.0000062
176.4752574	-0.0000057
176.5586184	-0.0000032
176.6419794	0.0000006
176.7253404	0.0000003
176.8087014	0.0000005
176.8920624	0.0000006
176.9754234	0.0000009
177.0587845	0.0000003
177.1421455	0.0000010
177.2255065	0.0000010
177.3088675	0.0000006
177.3922285	-0.0000050
177.4755895	-0.0000034
177.5589505	-0.0000027
177.6423115	0.0000002
177.7256725	0.0000010
177.8090335	0.0000015
177.8923946	0.0000005
177.9757556	0.0000014
178.0591166	0.0000011
178.1424776	0.0000011
178.2258386	0.0000007
178.3091996	0.0000017
178.3925606	-0.0000005
178.4759216	-0.0000048
178.5592826	-0.0000021
178.6426436	0.0000006
178.7260046	0.0000018
178.8093657	0.0000029
178.8927267	0.0000013
178.9760877	0.0000008
179.0594487	0.0000008
179.1428097	0.0000011
179.2261707	0.0000021
179.3095317	0.0000015
179.3928927	-0.0000024
179.4762537	-0.0000004
179.5596147	-0.0000024
179.6429758	0.0000010
179.7263368	0.0000017
179.8096978	0.0000015
179.8930588	0.0000010
179.9764198	0.0000010
180.0597808	0.0000011
180.1431418	0.0000005
180.2265028	0.0000006
180.3098638	-0.0000011
180.3932248	-0.0000029
180.4765859	-0.0000064
180.5599469	-0.0000026
180.6433079	0.0000004
180.7266689	0.0000005
180.8100299	0.0000009
180.8933909	0.0000004
180.9767519	0.0000008
181.0601129	0.0000011
181.1434739	0.0000004
181.2268349	0.0000004
181.3101959	-0.0000005
181.3935570	-0.0000022
181.4769180	-0.0000064
181.5602790	-0.0000032
181.6436400	0.0000003
181.7270010	0.0000009
181.8103620	0.0000008
181.8937230	0.0000004
181.9770840	0.0000003
182.0604450	0.0000005
182.1438060	0.0000011
182.2271671	0.0000002
182.3105281	-0.0000024
182.3938891	-0.0000020
182.4772501	-0.0000025
182.5606111	-0.0000027
182.6439721	-0.0000001
182.7273331	0.0000011
182.8106941	0.0000003
182.8940551	0.0000003
182.9774161	0.0000005
183.0607772	0.0000005
183.1441382	0.0000006
183.2274992	0.0000002
183.3108602	-0.0000034
183.3942212	-0.0000049
183.4775822	-0.0000037
183.5609432	-0.0000028
183.6443042	0.0000002
183.7276652	0.0000006
183.8110262	0.0000005
183.8943872	0.0000007
183.9777483	0.0000004
184.0611093	0.0000003
184.1444703	0.0000006
184.2278313	0.0000006
184.3111923	-0.0000009
184.3945533	-0.0000041
184.4779143	-0.0000049
184.5612753	-0.0000014
184.6446363	0.0000009
184.7279973	0.0000005
184.8113584	0.0000011
184.8947194	0.0000011
184.9780804	0.0000005
185.0614414	0.0000005
185.1448024	0.0000015
185.2281634	0.0000020
185.3115244	0.0000007
185.3948854	-0.0000028
185.4782464	-0.0000043
185.5616074	-0.0000016
185.6449684	0.0000007
185.7283295	0.0000014
185.8116905	0.0000013
185.8950515	0.0000014
185.9784125	0.0000008
186.0617735	0.0000008
186.1451345	0.0000017
186.2284955	0.0000009
186.3118565	0.0000009
186.3952175	0.0000015
186.4785785	-0.0000015
186.5619396	-0.0000019
186.6453006	0.0000010
186.7286616	0.0000027
186.8120226	0.0000011
186.8953836	0.0000017
186.9787446	0.0000015
187.0621056	0.0000015
187.1454666	0.0000019
187.2288276	0.0000032
187.3121886	0.0000026
187.3955497	-0.0000018
187.4789107	-0.0000028
187.5622717	-0.0000019
187.6456327	0.0000023
187.7289937	0.0000037
187.8123547	0.0000021
187.8957157	0.0000019
187.9790767	0.0000015
188.0624377	0.0000009
188.1457987	0.0000009
188.2291597	0.0000015
188.3125208	-0.0000010
188.3958818	-0.0000034
188.4792428	-0.0000044
188.5626038	-0.0000023
188.6459648	0.0000007
188.7293258	0.0000017
188.8126868	0.0000009
188.8960478	0.0000006
188.9794088	0.0000008
189.0627698	0.0000008
189.1461309	0.0000008
189.2294919	0.0000006
189.3128529	0.0000019
189.3962139	-0.0000027
189.4795749	-0.0000046
189.5629359	-0.0000030
189.6462969	0.0000010
189.7296579	0.0000010
189.8130189	0.0000021
189.8963799	0.0000012
189.9797409	0.0000010
190.0631020	0.0000005
190.1464630	0.0000008
190.2298240	0.0000011
190.3131850	0.0000002
190.3965460	-0.0000052
190.4799070	-0.0000054
190.5632680	-0.0000017
190.6466290	0.0000010
190.7299900	0.0000007
190.8133510	0.0000009
190.8967121	0.0000005
190.9800731	0.0000004
191.0634341	0.0000015
191.1467951	0.0000008
191.2301561	0.0000009
191.3135171	-0.0000000
191.3968781	-0.0000041
191.4802391	-0.0000057
191.5636001	-0.0000028
191.6469611	0.0000007
191.7303222	0.0000011
191.8136832	0.0000012
191.8970442	0.0000006
191.9804052	0.0000005
192.0637662	0.0000003
192.1471272	0.0000008
192.2304882	0.0000002
192.3138492	-0.0000003
192.3972102	-0.0000050
192.4805712	-0.0000086
192.5639322	-0.0000025
192.6472933	-0.0000000
192.7306543	0.0000006
192.8140153	0.0000007
192.8973763	0.0000003
192.9807373	0.0000002
193.0640983	0.0000006
193.1474593	0.0000002
193.2308203	0.0000008
193.3141813	-0.0000018
193.3975423	-0.0000061
193.4809034	-0.0000041
193.5642644	-0.0000028
193.6476254	-0.0000002
193.7309864	0.0000003
193.8143474	0.0000007
193.8977084	0.0000005
193.9810694	0.0000011
194.0644304	0.0000006
194.1477914	0.0000005
194.2311524	0.0000014
194.3145135	-0.0000001
194.3978745	-0.0000030
194.4812355	-0.0000015
194.5645965	0.0000000
194.6479575	0.0000007
194.7313185	0.0000013
194.8146795	0.0000015
194.8980405	0.0000016
194.9814015	0.0000007
195.0647625	0.0000011
195.1481235	0.0000015
195.2314846	0.0000015
195.3148456	-0.0000009
195.3982066	-0.0000018
195.4815676	-0.0000046
195.5649286	-0.0000012
195.6482896	0.0000008
195.7316506	0.0000014
195.8150116	0.0000009
195.8983726	0.0000026
195.9817336	0.0000007
196.0650947	0.0000014
196.1484557	0.0000013
196.2318167	0.0000011
196.3151777	-0.0000004
196.3985387	0.0000010
196.4818997	-0.0000042
196.5652607	0.0000001
196.6486217	0.0000011
196.7319827	0.0000012
196.8153437	0.0000018
196.8987047	0.0000008
196.9820658	0.0000013
197.0654268	0.0000008
197.1487878	0.0000013
197.2321488	0.0000022
197.3155098	0.0000011
197.3988708	-0.0000002
197.4822318	-0.0000018
197.5655928	-0.0000011
197.6489538	0.0000021
197.7323148	0.0000019
197.8156759	0.0000023
197.8990369	0.0000021
197.9823979	0.0000010
198.0657589	0.0000009
198.1491199	0.0000009
198.2324809	0.0000013
198.3158419	-0.0000006
198.3992029	-0.0000036
198.4825639	-0.0000058
198.5659249	-0.0000018
198.6492860	0.0000008
198.7326470	0.0000007
198.8160080	0.0000021
198.8993690	0.0000007
198.9827300	0.0000005
199.0660910	0.0000010
199.1494520	0.0000010
199.2328130	0.0000009
199.3161740	-0.0000019
199.3995350	0.0000013
199.4828960	-0.0000047
199.5662571	-0.0000019
199.6496181	0.0000010
199.7329791	0.0000015
199.8163401	0.0000020
199.8997011	0.0000008
199.9830621	0.0000012
200.0664231	0.0000009
200.1497841	0.0000010
200.2331451	0.0000017
200.3165061	0.0000006
200.3998672	0.0000005
200.4832282	-0.0000002
200.5665892	-0.0000004
200.6499502	0.0000016
200.7333112	0.0000017
200.8166722	0.0000013
200.9000332	0.0000013
200.9833942	0.0000014
201.0667552	0.0000010
201.1501162	0.0000023
201.2334773	0.0000010
201.3168383	-0.0000001
201.4001993	-0.0000013
201.4835603	-0.0000025
201.5669213	-0.0000008
201.6502823	0.0000011
201.7336433	0.0000012
201.8170043	0.0000011
201.9003653	0.0000018
201.9837263	0.0000009
202.0670873	0.0000008
202.1504484	0.0000004
202.2338094	0.0000010
202.3171704	0.0000033
202.4005314	-0.0000023
202.4838924	-0.0000019
202.5672534	-0.0000013
202.6506144	0.0000021
202.7339754	0.0000022
202.8173364	0.0000023
202.9006974	0.0000016
202.9840585	0.0000010
203.0674195	0.0000017
203.1507805	0.0000011
203.2341415	0.0000008
203.3175025	-0.0000000
203.4008635	-0.0000034
203.4842245	-0.0000051
203.5675855	-0.0000015
203.6509465	0.0000008
203.7343075	0.0000012
203.8176685	0.0000007
203.9010296	0.0000019
203.9843906	0.0000007
204.0677516	0.0000009
204.1511126	0.0000009
204.2344736	0.0000014
204.3178346	-0.0000001
204.4011956	0.0000019
204.4845566	0.0000039
204.5679176	-0.0000013
204.6512786	0.0000028
204.7346397	0.0000027
204.8180007	0.0000028
204.9013617	0.0000024
204.9847227	0.0000033
205.0680837	0.0000030
205.1514447	0.0000019
205.2348057	0.0000021
205.3181667	0.0000004
205.4015277	-0.0000013
205.4848887	-0.0000041
205.5682498	-0.0000000
205.6516108	0.0000021
205.7349718	0.0000018
205.8183328	0.0000017
205.9016938	0.0000010
205.9850548	0.0000009
206.0684158	0.0000007
206.1517768	0.0000008
206.2351378	0.0000005
206.3184988	-0.0000035
206.4018598	-0.0000059
206.4852209	-0.0000062
206.5685819	-0.0000017
206.6519429	0.0000006
206.7353039	0.0000015
206.8186649	0.0000011
206.9020259	0.0000007
206.9853869	0.0000010
207.0687479	0.0000009
207.1521089	0.0000006
207.2354699	0.0000008
207.3188310	-0.0000012
207.4021920	-0.0000034
207.4855530	-0.0000057
207.5689140	-0.0000017
207.6522750	0.0000007
207.7356360	0.0000012
207.8189970	0.0000020
207.9023580	0.0000020
207.9857190	0.0000006
208.0690800	0.0000014
208.1524410	0.0000013
208.2358021	0.0000019
208.3191631	0.0000018
208.4025241	0.0000020
208.4858851	0.0000008
208.5692461	0.0000020
208.6526071	0.0000030
208.7359681	0.0000033
208.8193291	0.0000027
208.9026901	0.0000022
208.9860511	0.0000022
209.0694122	0.0000018
209.1527732	0.0000025
209.2361342	0.0000019
209.3194952	0.0000027
209.4028562	-0.0000005
209.4862172	-0.0000012
209.5695782	-0.0000010
209.6529392	0.0000019
209.7363002	0.0000032
209.8196612	0.0000028
209.9030223	0.0000011
209.9863833	0.0000017
210.0697443	0.0000024
210.1531053	0.0000042
210.2364663	0.0000032
210.3198273	0.0000049
210.4031883	0.0000027
210.4865493	0.0000050
210.5699103	0.0000052
210.6532713	0.0000071
210.7366323	0.0000072
210.8199934	0.0000058
210.9033544	0.0000042
210.9867154	0.0000029
211.0700764	0.0000028
211.1534374	0.0000033
211.2367984	0.0000023
211.3201594	0.0000012
211.4035204	-0.0000034
211.4868814	-0.0000033
211.5702424	-0.0000013
211.6536035	0.0000014
211.7369645	0.0000019
211.8203255	0.0000015
211.9036865	0.0000010
211.9870475	0.0000028
212.0704085	0.0000016
212.1537695	0.0000019
212.2371305	0.0000016
212.3204915	0.0000011
212.4038525	-0.0000018
212.4872136	0.0000008
212.5705746	0.0000021
212.6539356	0.0000038
212.7372966	0.0000036
212.8206576	0.0000031
212.9040186	0.0000036
212.9873796	0.0000013
213.0707406	0.0000011
213.1541016	0.0000015
213.2374626	0.0000014
213.3208236	0.0000014
213.4041847	-0.0000008
213.4875457	-0.0000017
213.5709067	0.0000013
213.6542677	0.0000015
213.7376287	0.0000016
213.8209897	0.0000019
213.9043507	0.0000018
213.9877117	0.0000015
214.0710727	0.0000008
214.1544337	0.0000010
214.2377948	0.0000020
214.3211558	0.0000020
214.4045168	-0.0000005
214.4878778	-0.0000020
214.5712388	-0.0000004
214.6545998	0.0000023
214.7379608	0.0000038
214.8213218	0.0000024
214.9046828	0.0000017
214.9880438	0.0000016
215.0714048	0.0000024
215.1547659	0.0000022
215.2381269	0.0000019
215.3214879	0.0000014
215.4048489	0.0000005
215.4882099	-0.0000007
215.5715709	0.0000009
215.6549319	0.0000030
215.7382929	0.0000038
215.8216539	0.0000023
215.9050149	0.0000034
215.9883760	0.0000012
216.0717370	0.0000009
216.1550980	0.0000014
216.2384590	0.0000031
216.3218200	0.0000032
216.4051810	0.0000002
216.4885420	-0.0000036
216.5719030	0.0000009
216.6552640	0.0000035
216.7386250	0.0000038
216.8219861	0.0000030
216.9053471	0.0000032
216.9887081	0.0000025
217.0720691	0.0000021
217.1554301	0.0000012
217.2387911	0.0000014
217.3221521	0.0000025
217.4055131	0.0000016
217.4888741	0.0000027
217.5722351	0.0000031
217.6555961	0.0000050
217.7389572	0.0000058
217.8223182	0.0000052
217.9056792	0.0000062
217.9890402	0.0000054
218.0724012	0.0000029
218.1557622	0.0000030
218.2391232	0.0000033
218.3224842	0.0000030
218.4058452	0.0000045
218.4892062	0.0000027
218.5725673	0.0000026
218.6559283	0.0000064
218.7392893	0.0000060
218.8226503	0.0000042
218.9060113	0.0000041
218.9893723	0.0000048
219.0727333	0.0000036
219.1560943	0.0000031
219.2394553	0.0000031
219.3228163	0.0000039
219.4061773	-0.0000013
219.4895384	-0.0000012
219.5728994	0.0000007
219.6562604	0.0000025
219.7396214	0.0000031
219.8229824	0.0000028
219.9063434	0.0000015
219.9897044	0.0000016
220.0730654	0.0000015
220.1564264	0.0000017
220.2397874	0.0000015
220.3231485	0.0000004
220.4065095	-0.0000020
220.4898705	-0.0000029
220.5732315	0.0000001
220.6565925	0.0000018
220.7399535	0.0000027
220.8233145	0.0000038
220.9066755	0.0000009
220.9900365	0.0000009
221.0733975	0.0000014
221.1567586	0.0000015
221.2401196	0.0000017
221.3234806	0.0000034
221.4068416	-0.0000004
221.4902026	-0.0000037
221.5735636	-0.0000001
221.6569246	0.0000024
221.7402856	0.0000020
221.8236466	0.0000019
221.9070076	0.0000019
221.9903686	0.0000014
222.0737297	0.0000010
222.1570907	0.0000008
222.2404517	0.0000022
222.3238127	0.0000014
222.4071737	-0.0000004
222.4905347	-0.0000019
222.5738957	-0.0000005
222.6572567	0.0000017
222.7406177	0.0000019
222.8239787	0.0000018
222.9073398	0.0000012
222.9907008	0.0000011
223.0740618	0.0000014
223.1574228	0.0000011
223.2407838	0.0000008
223.3241448	-0.0000015
223.4075058	-0.0000053
223.4908668	-0.0000058
223.5742278	0.0000000
223.6575888	0.0000005
223.7409499	0.0000014
223.8243109	0.0000040
223.9076719	0.0000019
223.9910329	0.0000020
224.0743939	0.0000021
224.1577549	0.0000029
224.2411159	0.0000059
224.3244769	0.0000057
224.4078379	0.0000026
224.4911989	0.0000046
224.5745599	0.0000014
224.6579210	0.0000034
224.7412820	0.0000037
224.8246430	0.0000029
224.9080040	0.0000025
224.9913650	0.0000023
225.0747260	0.0000020
225.1580870	0.0000010
225.2414480	0.0000015
225.3248090	0.0000009
225.4081700	-0.0000046
225.4915311	-0.0000019
225.5748921	-0.0000001
225.6582531	0.0000011
225.7416141	0.0000010
225.8249751	0.0000005
225.9083361	0.0000005
225.9916971	0.0000007
226.0750581	0.0000008
226.1584191	0.0000008
226.2417801	0.0000003
226.3251411	-0.0000021
226.4085022	-0.0000027
226.4918632	-0.0000058
226.5752242	-0.0000018
226.6585852	0.0000005
226.7419462	0.0000005
226.8253072	0.0000007
226.9086682	0.0000004
226.9920292	0.0000005
227.0753902	0.0000010
227.1587512	0.0000005
227.2421123	0.0000007
227.3254733	0.0000006
227.4088343	0.0000038
227.4921953	0.0000007
227.5755563	-0.0000020
227.6589173	0.0000013
227.7422783	0.0000016
227.8256393	0.0000035
227.9090003	0.0000023
227.9923613	0.0000046
228.0757224	0.0000048
228.1590834	0.0000077
228.2424444	0.0000086
228.3258054	0.0000065
228.4091664	0.0000050
228.4925274	0.0000090
228.5758884	0.0000055
228.6592494	0.0000067
228.7426104	0.0000063
228.8259714	0.0000056
228.9093324	0.0000058
228.9926935	0.0000025
229.0760545	0.0000024
229.1594155	0.0000018
229.2427765	0.0000012
229.3261375	0.0000013
229.4094985	0.0000012
229.4928595	-0.0000022
229.5762205	-0.0000010
229.6595815	0.0000013
229.7429425	0.0000013
229.8263036	0.0000010
229.9096646	0.0000037
229.9930256	0.0000008
230.0763866	0.0000015
230.1597476	0.0000025
230.2431086	0.0000020
230.3264696	0.0000036
230.4098306	0.0000026
230.4931916	0.0000024
230.5765526	0.0000052
230.6599136	0.0000067
230.7432747	0.0000059
230.8266357	0.0000066
230.9099967	0.0000058
230.9933577	0.0000031
231.0767187	0.0000033
231.1600797	0.0000032
231.2434407	0.0000039
231.3268017	0.0000041
231.4101627	0.0000036
231.4935237	-0.0000000
231.5768848	0.0000019
231.6602458	0.0000040
231.7436068	0.0000037
231.8269678	0.0000034
231.9103288	0.0000031
231.9936898	0.0000019
232.0770508	0.0000014
232.1604118	0.0000009
232.2437728	0.0000025
232.3271338	0.0000025
232.4104949	0.0000002
232.4938559	0.0000023
232.5772169	-0.0000003
232.6605779	0.0000026
232.7439389	0.0000035
232.8272999	0.0000031
232.9106609	0.0000027
232.9940219	0.0000024
233.0773829	0.0000018
233.1607439	0.0000017
233.2441049	0.0000009
233.3274660	-0.0000006
233.4108270	-0.0000017
233.4941880	-0.0000031
233.5775490	-0.0000013
233.6609100	0.0000007
233.7442710	0.0000010
233.8276320	0.0000005
233.9109930	0.0000005
233.9943540	0.0000004
234.0777150	0.0000015
234.1610761	0.0000002
234.2444371	0.0000021
234.3277981	-0.0000016
234.4111591	-0.0000027
234.4945201	-0.0000017
234.5778811	-0.0000007
234.6612421	0.0000013
234.7446031	0.0000015
234.8279641	0.0000019
234.9113251	0.0000026
234.9946862	0.0000019
235.0780472	0.0000008
235.1614082	0.0000015
235.2447692	0.0000022
235.3281302	0.0000000
235.4114912	-0.0000036
235.4948522	-0.0000022
235.5782132	0.0000004
235.6615742	0.0000018
235.7449352	0.0000019
235.8282962	0.0000012
235.9116573	0.0000016
235.9950183	0.0000013
236.0783793	0.0000012
236.1617403	0.0000009
236.2451013	0.0000006
236.3284623	0.0000004
236.4118233	0.0000001
236.4951843	-0.0000019
236.5785453	-0.0000009
236.6619063	0.0000011
236.7452674	0.0000017
236.8286284	0.0000010
236.9119894	0.0000007
236.9953504	0.0000011
237.0787114	0.0000008
237.1620724	0.0000006
237.2454334	0.0000009
237.3287944	-0.0000009
237.4121554	-0.0000033
237.4955164	-0.0000042
237.5788774	-0.0000008
237.6622385	0.0000011
237.7455995	0.0000013
237.8289605	0.0000008
237.9123215	0.0000007
237.9956825	0.0000003
238.0790435	0.0000006
238.1624045	0.0000010
238.2457655	0.0000005
238.3291265	0.0000049
238.4124875	-0.0000014
238.4958486	0.0000013
238.5792096	0.0000018
238.6625706	0.0000024
238.7459316	0.0000023
238.8292926	0.0000037
238.9126536	0.0000036
238.9960146	0.0000028
239.0793756	0.0000023
239.1627366	0.0000018
239.2460976	0.0000020
239.3294587	0.0000017
239.4128197	-0.0000026
239.4961807	-0.0000002
239.5795417	-0.0000005
239.6629027	0.0000010
239.7462637	0.0000012
239.8296247	0.0000008
239.9129857	0.0000015
239.9963467	0.0000007
240.0797077	0.0000008
240.1630687	0.0000009
240.2464298	0.0000008
240.3297908	-0.0000016
240.4131518	-0.0000046
240.4965128	-0.0000017
240.5798738	-0.0000004
240.6632348	0.0000008
240.7465958	0.0000007
240.8299568	0.0000015
240.9133178	0.0000007
240.9966788	0.0000003
241.0800399	0.0000006
241.1634009	0.0000012
241.2467619	0.0000006
241.3301229	0.0000012
241.4134839	0.0000001
241.4968449	-0.0000017
241.5802059	-0.0000009
241.6635669	0.0000015
241.7469279	0.0000018
241.8302889	0.0000008
241.9136500	0.0000013
241.9970110	0.0000015
242.0803720	0.0000006
242.1637330	0.0000016
242.2470940	0.0000012
242.3304550	-0.0000015
242.4138160	-0.0000034
242.4971770	-0.0000027
242.5805380	-0.0000000
242.6638990	0.0000015
242.7472600	0.0000025
242.8306211	0.0000008
242.9139821	0.0000006
242.9973431	0.0000008
243.0807041	0.0000006
243.1640651	0.0000008
243.2474261	0.0000010
243.3307871	-0.0000008
243.4141481	-0.0000035
243.4975091	-0.0000056
243.5808701	-0.0000004
243.6642312	0.0000009
243.7475922	0.0000007
243.8309532	0.0000004
243.9143142	0.0000006
243.9976752	0.0000007
244.0810362	0.0000005
244.1643972	0.0000008
244.2477582	0.0000005
244.3311192	0.0000018
244.4144802	0.0000040
244.4978412	-0.0000023
244.5812023	-0.0000005
244.6645633	0.0000027
244.7479243	0.0000027
244.8312853	0.0000024
244.9146463	0.0000045
244.9980073	0.0000018
245.0813683	0.0000024
245.1647293	0.0000023
245.2480903	0.0000025
245.3314513	0.0000021
245.4148124	0.0000039
245.4981734	0.0000023
245.5815344	0.0000027
245.6648954	0.0000044
245.7482564	0.0000044
245.8316174	0.0000061
245.9149784	0.0000040
245.9983394	0.0000027
246.0817004	0.0000035
246.1650614	0.0000041
246.2484225	0.0000043
246.3317835	0.0000022
246.4151445	0.0000010
246.4985055	0.0000016
246.5818665	0.0000024
246.6652275	0.0000032
246.7485885	0.0000041
246.8319495	0.0000021
246.9153105	0.0000025
246.9986715	0.0000011
247.0820325	0.0000022
247.1653936	0.0000013
247.2487546	0.0000019
247.3321156	0.0000002
247.4154766	-0.0000004
247.4988376	0.0000032
247.5821986	0.0000020
247.6655596	0.0000025
247.7489206	0.0000022
247.8322816	0.0000022
247.9156426	0.0000016
247.9990037	0.0000020
248.0823647	0.0000010
248.1657257	0.0000012
248.2490867	0.0000013
248.3324477	-0.0000017
248.4158087	-0.0000002
248.4991697	-0.0000022
248.5825307	0.0000004
248.6658917	0.0000011
248.7492527	0.0000009
248.8326137	0.0000009
248.9159748	0.0000008
248.9993358	0.0000007
249.0826968	0.0000007
249.1660578	0.0000005
249.2494188	0.0000009
249.3327798	-0.0000016
249.4161408	0.0000009
249.4995018	-0.0000021
249.5828628	-0.0000012
249.6662238	0.0000013
249.7495849	0.0000038
249.8329459	0.0000007
249.9163069	0.0000015
249.9996679	0.0000011
250.0830289	0.0000013
250.1663899	0.0000018
250.2497509	0.0000019
250.3331119	-0.0000011
250.4164729	-0.0000032
250.4998339	-0.0000023
250.5831950	-0.0000006
250.6665560	0.0000013
250.7499170	0.0000018
250.8332780	0.0000012
250.9166390	0.0000013
251.0000000	0.0000015
