# time(yr)	T(C)
0.0000000	277.0594177
0.0833610	278.7202148
0.1667220	284.1996460
0.2500830	293.6299744
0.3334440	296.5635986
0.4168050	302.2761841
0.5001661	306.5971985
0.5835271	306.2009888
0.6668881	301.7418213
0.7502491	292.9099426
0.8336101	284.5494995
0.9169711	277.1130066
1.0003321	276.2324829
1.0836931	277.1842041
1.1670541	285.9663086
1.2504151	288.1976013
1.3337762	300.4547424
1.4171372	303.7073059
1.5004982	308.2364502
1.5838592	305.1781006
1.6672202	301.0067139
1.7505812	291.3700867
1.8339422	282.0418701
1.9173032	276.2768555
2.0006642	276.1929626
2.0840252	278.2445374
2.1673863	284.0395508
2.2507473	292.7266235
2.3341083	296.5235901
2.4174693	301.9842834
2.5008303	307.1811218
2.5841913	307.6180420
2.6675523	299.6898804
2.7509133	292.2601013
2.8342743	284.5563965
2.9176353	276.7810974
3.0009963	278.1461487
3.0843574	282.2867126
3.1677184	284.9984131
3.2510794	291.9501953
3.3344404	298.0892334
3.4178014	303.8721313
3.5011624	305.0226746
3.5845234	305.3727417
3.6678844	299.8123779
3.7512454	291.8160400
3.8346064	284.9862671
3.9179675	279.4361877
4.0013285	278.0050354
4.0846895	279.9169312
4.1680505	281.1420288
4.2514115	291.8680725
4.3347725	297.2566223
4.4181335	301.1582947
4.5014945	304.8727112
4.5848555	306.4734497
4.6682165	299.0545654
4.7515775	289.6202698
4.8349386	281.5001831
4.9182996	277.2951050
5.0016606	277.5617676
5.0850216	281.1008911
5.1683826	285.3827209
5.2517436	291.8090210
5.3351046	299.1843567
5.4184656	300.8818970
5.5018266	301.8789062
5.5851876	302.6510620
5.6685487	296.8850098
5.7519097	287.6922607
5.8352707	276.8828735
5.9186317	271.8078918
6.0019927	271.4633789
6.0853537	270.8093567
6.1687147	280.2572021
6.2520757	288.1138306
6.3354367	297.9312134
6.4187977	301.5089722
6.5021588	306.8935547
6.5855198	308.3369751
6.6688808	297.1060486
6.7522418	289.4691772
6.8356028	282.5593872
6.9189638	278.7758484
7.0023248	277.0082397
7.0856858	280.6717529
7.1690468	287.4941711
7.2524078	293.7692871
7.3357688	297.6742554
7.4191299	307.1050110
7.5024909	309.3679199
7.5858519	307.9804993
7.6692129	301.9770813
7.7525739	291.9120483
7.8359349	281.7559204
7.9192959	278.3971252
8.0026569	275.8930969
8.0860179	277.5632629
8.1693789	283.6840210
8.2527400	291.9094238
8.3361010	296.2453308
8.4194620	302.9869995
8.5028230	308.3519897
8.5861840	308.3092346
8.6695450	298.7201843
8.7529060	292.2808228
8.8362670	281.4808960
8.9196280	277.6087036
9.0029890	275.6975403
9.0863500	279.8637695
9.1697111	285.7600403
9.2530721	290.7890015
9.3364331	297.1558533
9.4197941	301.1888733
9.5031551	308.4698486
9.5865161	308.2207336
9.6698771	302.8547363
9.7532381	291.5809021
9.8365991	282.4715576
9.9199601	272.8355103
10.0033212	273.1072388
10.0866822	277.8038940
10.1700432	284.0983276
10.2534042	288.4641418
10.3367652	294.7368469
10.4201262	302.7061157
10.5034872	309.3338928
10.5868482	308.2929993
10.6702092	297.3400574
10.7535702	289.9201965
10.8369313	282.2407532
10.9202923	277.9844971
11.0036533	275.1084900
11.0870143	278.9476013
11.1703753	283.8867798
11.2537363	289.9104309
11.3370973	298.9316406
11.4204583	303.9103394
11.5038193	307.5697937
11.5871803	304.9520569
11.6705413	301.3556519
11.7539024	290.1873474
11.8372634	283.9254150
11.9206244	277.5357361
12.0039854	277.9777222
12.0873464	280.6234741
12.1707074	284.7576294
12.2540684	289.0089417
12.3374294	295.3689880
12.4207904	299.9274902
12.5041514	304.9818420
12.5875125	303.5769043
12.6708735	298.3757935
12.7542345	288.9706116
12.8375955	282.6201477
12.9209565	277.4637756
13.0043175	272.5121460
13.0876785	277.4152832
13.1710395	284.6349182
13.2544005	291.7662964
13.3377615	296.9132080
13.4211226	299.4754028
13.5044836	307.0541077
13.5878446	308.0286865
13.6712056	301.9674377
13.7545666	291.7977600
13.8379276	280.9732971
13.9212886	277.6818237
14.0046496	274.1501770
14.0880106	272.0131531
14.1713716	283.6509094
14.2547326	290.2301025
14.3380937	298.3977661
14.4214547	304.2390747
14.5048157	309.4985657
14.5881767	306.9655151
14.6715377	299.9880676
14.7548987	291.9011841
14.8382597	284.6998596
14.9216207	278.6705017
15.0049817	276.4359131
15.0883427	276.8109436
15.1717038	284.2066345
15.2550648	292.2479248
15.3384258	299.9843750
15.4217868	303.7846985
15.5051478	308.0317688
15.5885088	304.3319092
15.6718698	301.4862366
15.7552308	291.1574097
15.8385918	284.3011475
15.9219528	273.0668640
16.0053138	274.9171753
16.0886749	279.0642700
16.1720359	281.1819458
16.2553969	291.6485901
16.3387579	295.0235901
16.4221189	300.0966797
16.5054799	306.1456299
16.5888409	307.2427673
16.6722019	300.6642761
16.7555629	291.0066528
16.8389239	281.2365723
16.9222850	274.2945251
17.0056460	274.4293823
17.0890070	279.3303223
17.1723680	281.4138794
17.2557290	290.4143066
17.3390900	296.3063965
17.4224510	297.9236755
17.5058120	304.7018127
17.5891730	303.5797119
17.6725340	301.9916382
17.7558951	290.0932617
17.8392561	282.2492065
17.9226171	276.8125610
18.0059781	277.2467041
18.0893391	282.0990906
18.1727001	283.9751282
18.2560611	290.4219055
18.3394221	298.1137695
18.4227831	302.1251831
18.5061441	303.5409851
18.5895051	306.5869751
18.6728662	298.4380493
18.7562272	291.9977722
18.8395882	281.2119446
18.9229492	278.6625366
19.0063102	277.5506897
19.0896712	279.3165588
19.1730322	285.6443481
19.2563932	292.7244873
19.3397542	296.0389709
19.4231152	301.1642761
19.5064763	306.2980042
19.5898373	304.6156616
19.6731983	298.8169556
19.7565593	290.7876587
19.8399203	284.5976257
19.9232813	277.1527405
20.0066423	273.8871155
20.0900033	279.0974426
20.1733643	285.8994446
20.2567253	291.8475952
20.3400864	296.8867798
20.4234474	301.2513428
20.5068084	306.9292297
20.5901694	305.9165039
20.6735304	299.5957642
20.7568914	292.9644470
20.8402524	282.3870850
20.9236134	271.5037231
21.0069744	271.8756104
21.0903354	275.7747498
21.1736964	287.1002197
21.2570575	292.6619263
21.3404185	297.2256165
21.4237795	302.1993713
21.5071405	303.6935730
21.5905015	308.1932983
21.6738625	299.5087891
21.7572235	291.0121460
21.8405845	285.1261902
21.9239455	281.1843567
22.0073065	277.7313232
22.0906676	279.9687805
22.1740286	289.2925110
22.2573896	292.1726685
22.3407506	301.2987976
22.4241116	305.2372437
22.5074726	308.8135376
22.5908336	308.3625183
22.6741946	301.8370361
22.7575556	293.0785522
22.8409166	282.2705383
22.9242776	275.1769104
23.0076387	272.4349060
23.0909997	276.1452026
23.1743607	285.3979187
23.2577217	290.3477783
23.3410827	296.9632874
23.4244437	303.2823486
23.5078047	307.5762329
23.5911657	306.7292175
23.6745267	296.9822998
23.7578877	288.3935852
23.8412488	280.7502747
23.9246098	274.3137817
24.0079708	273.1482239
24.0913318	278.2781677
24.1746928	283.8646545
24.2580538	292.9446716
24.3414148	297.1105042
24.4247758	300.6019592
24.5081368	304.6937866
24.5914978	307.5556641
24.6748589	299.8782349
24.7582199	291.6376343
24.8415809	281.2161865
24.9249419	274.4831848
25.0083029	274.4935608
25.0916639	277.1541748
25.1750249	279.2326050
25.2583859	290.2753601
25.3417469	295.2997742
25.4251079	300.1566467
25.5084689	307.8195496
25.5918300	306.8081055
25.6751910	299.4520874
25.7585520	291.2788086
25.8419130	283.5738525
25.9252740	275.8284912
26.0086350	276.5751648
26.0919960	275.9656067
26.1753570	281.0474243
26.2587180	287.6859131
26.3420790	296.6697693
26.4254401	300.0497437
26.5088011	304.2448730
26.5921621	304.6693115
26.6755231	299.5670471
26.7588841	291.6092834
26.8422451	281.2955017
26.9256061	278.1203613
27.0089671	271.0847168
27.0923281	269.9442749
27.1756891	278.4649963
27.2590501	287.7621460
27.3424112	295.4367676
27.4257722	298.5722961
27.5091332	305.3237610
27.5924942	305.3461914
27.6758552	299.8171082
27.7592162	291.1683655
27.8425772	282.4763184
27.9259382	275.9840698
28.0092992	275.3114929
28.0926602	277.8464355
28.1760213	282.8115845
28.2593823	291.6279297
28.3427433	297.3197937
28.4261043	304.9703674
28.5094653	310.6170044
28.5928263	306.8602905
28.6761873	300.6271057
28.7595483	291.4242554
28.8429093	281.5737305
28.9262703	277.5929565
29.0096314	277.7773132
29.0929924	277.3660583
29.1763534	285.6421204
29.2597144	291.8533936
29.3430754	294.3485718
29.4264364	301.1199646
29.5097974	306.6570129
29.5931584	306.6408997
29.6765194	299.4612732
29.7598804	290.8489685
29.8432414	280.1225281
29.9266025	275.3819885
30.0099635	273.5884399
30.0933245	277.2661133
30.1766855	283.1463928
30.2600465	291.9640808
30.3434075	295.4795532
30.4267685	299.7265015
30.5101295	304.9891357
30.5934905	304.6024780
30.6768515	300.4108276
30.7602126	290.6827087
30.8435736	284.7416382
30.9269346	278.7528687
31.0102956	276.3384094
31.0936566	279.3347168
31.1770176	283.1410522
31.2603786	290.4307251
31.3437396	296.7468567
31.4271006	301.9012451
31.5104616	307.9741516
31.5938227	305.5687866
31.6771837	299.6261597
31.7605447	289.3219910
31.8439057	280.5157776
31.9272667	277.7014160
32.0106277	278.0943604
32.0939887	280.9871216
32.1773497	286.7891235
32.2607107	290.7641907
32.3440717	296.0009460
32.4274327	302.6466370
32.5107938	308.1030273
32.5941548	309.2286682
32.6775158	301.8844299
32.7608768	290.0353699
32.8442378	282.3234558
32.9275988	276.8991699
33.0109598	276.8509827
33.0943208	278.0141907
33.1776818	283.1138611
33.2610428	290.7762756
33.3444039	296.9299622
33.4277649	302.3683472
33.5111259	306.5212708
33.5944869	305.9736023
33.6778479	297.0012817
33.7612089	290.3644714
33.8445699	284.1051331
33.9279309	274.8735352
34.0112919	270.5700378
34.0946529	270.7891235
34.1780139	283.9316406
34.2613750	289.5234070
34.3447360	298.2876282
34.4280970	299.5430603
34.5114580	306.4623718
34.5948190	306.9984131
34.6781800	303.0945435
34.7615410	290.3175049
34.8449020	281.3076782
34.9282630	272.5621948
35.0116240	267.5015259
35.0949851	275.6431274
35.1783461	284.4417114
35.2617071	291.5510254
35.3450681	295.5964355
35.4284291	298.2906189
35.5117901	304.2872009
35.5951511	302.2717896
35.6785121	298.8093262
35.7618731	291.0874023
35.8452341	282.5419617
35.9285952	274.6214294
36.0119562	273.5582886
36.0953172	280.6257019
36.1786782	285.4162598
36.2620392	293.8651123
36.3454002	297.0657349
36.4287612	303.5470276
36.5121222	306.8120728
36.5954832	307.8725281
36.6788442	298.2267151
36.7622052	289.0417480
36.8455663	283.9580078
36.9289273	277.4916382
37.0122883	273.9453125
37.0956493	279.2569580
37.1790103	286.6098328
37.2623713	291.1885071
37.3457323	297.1796265
37.4290933	303.3022156
37.5124543	307.5299988
37.5958153	306.9381104
37.6791764	298.6621399
37.7625374	291.3247986
37.8458984	278.9247437
37.9292594	275.7088928
38.0126204	274.1700439
38.0959814	275.3147583
38.1793424	283.9700623
38.2627034	291.7805786
38.3460644	295.8434448
38.4294254	299.1594543
38.5127864	305.3237305
38.5961475	304.1805420
38.6795085	298.2987366
38.7628695	290.7973328
38.8462305	281.1612854
38.9295915	277.1265869
39.0129525	275.5401917
39.0963135	280.6045227
39.1796745	288.3856201
39.2630355	292.4320679
39.3463965	296.4746704
39.4297576	301.7972717
39.5131186	308.4344177
39.5964796	307.7275696
39.6798406	298.3915405
39.7632016	291.6534119
39.8465626	283.3158264
39.9299236	272.6372681
40.0132846	268.5321655
40.0966456	269.0328979
40.1800066	282.9663391
40.2633677	292.8242798
40.3467287	297.6149902
40.4300897	302.5795898
40.5134507	307.7218933
40.5968117	305.6536865
40.6801727	300.2320251
40.7635337	292.4853516
40.8468947	284.0724182
40.9302557	275.6798401
41.0136167	276.1007996
41.0969777	278.0081787
41.1803388	286.1910706
41.2636998	291.2949219
41.3470608	294.9438782
41.4304218	299.3261108
41.5137828	305.8158264
41.5971438	306.7186279
41.6805048	301.9323425
41.7638658	289.6646729
41.8472268	284.1341248
41.9305878	276.2790527
42.0139489	273.8724670
42.0973099	272.8630371
42.1806709	280.6574707
42.2640319	293.4557495
42.3473929	294.1452026
42.4307539	301.1347656
42.5141149	307.0152588
42.5974759	306.0942383
42.6808369	299.9728394
42.7641979	291.1983643
42.8475590	282.2991638
42.9309200	275.9531250
43.0142810	277.1573486
43.0976420	276.9307861
43.1810030	284.5704346
43.2643640	293.0253906
43.3477250	294.3475342
43.4310860	299.4606323
43.5144470	307.5541077
43.5978080	304.3364868
43.6811690	301.5536194
43.7645301	290.5885315
43.8478911	284.0276489
43.9312521	276.3139343
44.0146131	273.7434082
44.0979741	279.7143555
44.1813351	283.9627991
44.2646961	291.3173828
44.3480571	297.0771179
44.4314181	305.3155518
44.5147791	307.6877441
44.5981402	306.9943237
44.6815012	301.6098938
44.7648622	291.3744507
44.8482232	281.1153564
44.9315842	272.4071350
45.0149452	275.8887634
45.0983062	282.4736328
45.1816672	286.0198364
45.2650282	288.4328918
45.3483892	296.1312256
45.4317502	301.3027344
45.5151113	308.2469482
45.5984723	307.7379456
45.6818333	301.0224304
45.7651943	291.6287231
45.8485553	282.3789062
45.9319163	277.8408508
46.0152773	275.6110840
46.0986383	274.3600464
46.1819993	281.2338562
46.2653603	291.2593384
46.3487214	294.0161743
46.4320824	301.3908997
46.5154434	307.3241882
46.5988044	307.5178223
46.6821654	298.9227905
46.7655264	291.9401245
46.8488874	281.2939758
46.9322484	275.2762451
47.0156094	269.6755981
47.0989704	272.5260925
47.1823315	284.7437439
47.2656925	291.6625977
47.3490535	298.8761902
47.4324145	304.9392395
47.5157755	308.0609131
47.5991365	307.1592712
47.6824975	299.4862061
47.7658585	293.1053467
47.8492195	281.5867615
47.9325805	274.8270569
48.0159415	277.2139282
48.0993026	278.3362427
48.1826636	285.4810791
48.2660246	290.1640015
48.3493856	296.1486816
48.4327466	302.2642517
48.5161076	307.2795105
48.5994686	306.2970886
48.6828296	301.9625244
48.7661906	291.0190430
48.8495516	283.7944336
48.9329127	275.7685547
49.0162737	275.4433289
49.0996347	279.6093445
49.1829957	283.1183167
49.2663567	292.7738647
49.3497177	298.9115295
49.4330787	302.4191589
49.5164397	307.1658630
49.5998007	305.4566345
49.6831617	296.7211304
49.7665227	290.2019653
49.8498838	279.7895203
49.9332448	272.9923401
50.0166058	274.5713806
50.0999668	278.2220764
50.1833278	284.9438477
50.2666888	291.0523987
50.3500498	296.5535583
50.4334108	298.9258728
50.5167718	306.4551392
50.6001328	304.8403320
50.6834939	300.0894775
50.7668549	291.3051453
50.8502159	281.8909607
50.9335769	276.3549500
51.0169379	273.5862122
51.1002989	274.4153442
51.1836599	280.8068237
51.2670209	290.7234497
51.3503819	295.9237976
51.4337429	300.2545471
51.5171040	307.5703430
51.6004650	305.9886780
51.6838260	299.6817017
51.7671870	290.3094482
51.8505480	283.5009155
51.9339090	272.2833252
52.0172700	275.0904846
52.1006310	278.8014221
52.1839920	281.1264954
52.2673530	289.2973328
52.3507140	294.8673706
52.4340751	295.9486084
52.5174361	304.2745361
52.6007971	306.6918030
52.6841581	299.5005798
52.7675191	292.2874756
52.8508801	282.0348511
52.9342411	276.8267822
53.0176021	276.5212097
53.1009631	281.0334167
53.1843241	284.7022095
53.2676852	293.8062134
53.3510462	293.9375000
53.4344072	301.7814941
53.5177682	305.3406067
53.6011292	304.4185486
53.6844902	299.0987244
53.7678512	291.5511475
53.8512122	281.3420410
53.9345732	277.4525452
54.0179342	269.8605652
54.1012953	274.8761597
54.1846563	281.6273804
54.2680173	288.7080688
54.3513783	296.2062378
54.4347393	302.4945679
54.5181003	306.1349487
54.6014613	306.1784363
54.6848223	297.1241150
54.7681833	290.4051514
54.8515443	282.4889832
54.9349053	276.9233704
55.0182664	273.0248108
55.1016274	273.5584106
55.1849884	280.2102661
55.2683494	291.0942078
55.3517104	294.6495056
55.4350714	300.8149414
55.5184324	306.2040405
55.6017934	304.5573425
55.6851544	301.6612549
55.7685154	288.5696106
55.8518765	283.2681274
55.9352375	278.5581970
56.0185985	275.3781128
56.1019595	278.8112488
56.1853205	285.2385254
56.2686815	291.2780457
56.3520425	294.4639587
56.4354035	300.5099182
56.5187645	305.9451904
56.6021255	305.9622192
56.6854865	298.3572693
56.7688476	291.7730103
56.8522086	281.7495117
56.9355696	276.0236816
57.0189306	274.6718445
57.1022916	280.7138672
57.1856526	286.1751099
57.2690136	290.0437317
57.3523746	296.5602112
57.4357356	300.0481567
57.5190966	303.0927734
57.6024577	306.0531311
57.6858187	298.1106873
57.7691797	289.5403137
57.8525407	283.5593567
57.9359017	277.8811951
58.0192627	277.4765015
58.1026237	282.7539673
58.1859847	285.8481750
58.2693457	290.7883606
58.3527067	295.4714966
58.4360678	302.5740967
58.5194288	305.3375854
58.6027898	304.7602234
58.6861508	299.7556458
58.7695118	291.8352051
58.8528728	283.5751953
58.9362338	276.2304077
59.0195948	273.7190552
59.1029558	275.7966309
59.1863168	283.2267456
59.2696778	291.9840393
59.3530389	294.7569885
59.4363999	301.6960754
59.5197609	307.7861328
59.6031219	308.1565857
59.6864829	300.4130554
59.7698439	290.5195923
59.8532049	281.9156799
59.9365659	276.3684082
60.0199269	269.7054443
60.1032879	276.3241577
60.1866490	287.4783020
60.2700100	292.0023193
60.3533710	293.7645569
60.4367320	300.3245239
60.5200930	304.4349976
60.6034540	307.8804932
60.6868150	301.3634949
60.7701760	293.2934875
60.8535370	282.3911133
60.9368980	277.0590210
61.0202591	274.3579712
61.1036201	279.1423645
61.1869811	282.0197754
61.2703421	288.4509277
61.3537031	297.5824280
61.4370641	299.3598633
61.5204251	307.7038879
61.6037861	307.5261841
61.6871471	302.2658386
61.7705081	294.6354980
61.8538691	285.2304382
61.9372302	278.5220642
62.0205912	276.4371033
62.1039522	277.3321533
62.1873132	282.7870483
62.2706742	288.6248779
62.3540352	294.9345093
62.4373962	301.7018433
62.5207572	307.3346252
62.6041182	308.7583618
62.6874792	300.5437317
62.7708403	291.1079102
62.8542013	280.9396057
62.9375623	272.8465576
63.0209233	274.8753052
63.1042843	279.8081055
63.1876453	282.6749268
63.2710063	294.6003418
63.3543673	295.7553406
63.4377283	302.5420837
63.5210893	307.8672180
63.6044503	304.7509460
63.6878114	298.9662476
63.7711724	289.5509949
63.8545334	284.2789612
63.9378944	274.0685120
64.0212554	277.1037292
64.1046164	277.7037659
64.1879774	285.8125916
64.2713384	290.9903564
64.3546994	295.0151062
64.4380604	298.3682251
64.5214215	306.2687988
64.6047825	306.3927612
64.6881435	298.9062195
64.7715045	291.1549377
64.8548655	281.5539246
64.9382265	273.4520264
65.0215875	275.7079163
65.1049485	280.9661255
65.1883095	288.1751404
65.2716705	291.8997192
65.3550316	293.0782776
65.4383926	299.7062378
65.5217536	307.6113586
65.6051146	308.4025879
65.6884756	299.3159790
65.7718366	290.3318176
65.8551976	281.9009094
65.9385586	275.4595642
66.0219196	275.1010742
66.1052806	279.5153198
66.1886416	281.6334534
66.2720027	288.1535950
66.3553637	294.2095642
66.4387247	299.9880066
66.5220857	302.7080994
66.6054467	302.9283752
66.6888077	299.3035278
66.7721687	291.1728516
66.8555297	282.3093567
66.9388907	273.8045654
67.0222517	274.5581055
67.1056128	279.0712280
67.1889738	286.0185242
67.2723348	292.1461182
67.3556958	292.4434204
67.4390568	299.9566650
67.5224178	305.4317932
67.6057788	307.2906189
67.6891398	301.4164124
67.7725008	291.0178833
67.8558618	278.5198669
67.9392228	275.5722961
68.0225839	273.5317993
68.1059449	276.7257385
68.1893059	284.9812622
68.2726669	289.8986816
68.3560279	295.0454102
68.4393889	299.0892029
68.5227499	306.7027893
68.6061109	305.3926086
68.6894719	299.2901917
68.7728329	291.3553467
68.8561940	282.9729919
68.9395550	276.4379883
69.0229160	276.6580505
69.1062770	276.9709167
69.1896380	279.4965820
69.2729990	287.0563354
69.3563600	294.6866455
69.4397210	298.8678284
69.5230820	305.8883057
69.6064430	305.7972412
69.6898041	301.1456909
69.7731651	291.1308594
69.8565261	283.4532471
69.9398871	276.0305481
70.0232481	276.9839172
70.1066091	278.3348083
70.1899701	283.7664795
70.2733311	291.3648987
70.3566921	295.3180542
70.4400531	300.2767944
70.5234141	305.3906250
70.6067752	304.4106140
70.6901362	297.8777161
70.7734972	291.1750183
70.8568582	282.8648376
70.9402192	273.4588623
71.0235802	276.9256897
71.1069412	278.0350952
71.1903022	285.2863770
71.2736632	285.8817139
71.3570242	293.7802124
71.4403853	299.6512451
71.5237463	303.2833557
71.6071073	304.1845703
71.6904683	300.0650940
71.7738293	293.9124451
71.8571903	283.4081421
71.9405513	273.6750488
72.0239123	277.0642395
72.1072733	279.5324707
72.1906343	283.3243103
72.2739954	292.3731995
72.3573564	293.8291931
72.4407174	302.2345276
72.5240784	306.1788025
72.6074394	305.5581055
72.6908004	297.7305603
72.7741614	288.1927185
72.8575224	283.5643005
72.9408834	276.9140015
73.0242444	270.8273315
73.1076054	278.8480835
73.1909665	283.5252075
73.2743275	291.8405151
73.3576885	297.5682373
73.4410495	301.9960938
73.5244105	307.7018738
73.6077715	307.0251465
73.6911325	299.8413391
73.7744935	292.5873108
73.8578545	283.7304688
73.9412155	276.3019409
74.0245766	271.7745056
74.1079376	276.3695374
74.1912986	284.7149353
74.2746596	291.0246277
74.3580206	292.2284851
74.4413816	299.6356201
74.5247426	306.9010925
74.6081036	304.7402344
74.6914646	298.6658936
74.7748256	289.9564514
74.8581866	282.4603271
74.9415477	278.5913391
75.0249087	278.7523193
75.1082697	280.9644165
75.1916307	285.7951355
75.2749917	290.9503174
75.3583527	295.6569214
75.4417137	299.0492249
75.5250747	305.0419312
75.6084357	303.6337891
75.6917967	298.3699341
75.7751578	291.4306641
75.8585188	282.6036072
75.9418798	275.0381775
76.0252408	278.2160034
76.1086018	280.3144531
76.1919628	285.1700439
76.2753238	291.8038635
76.3586848	293.3476257
76.4420458	299.6023254
76.5254068	306.4132385
76.6087679	307.4213257
76.6921289	297.9540405
76.7754899	291.4100647
76.8588509	281.7615967
76.9422119	275.2052612
77.0255729	273.0565491
77.1089339	279.5833435
77.1922949	283.9292908
77.2756559	292.5792847
77.3590169	293.5022278
77.4423779	301.2840881
77.5257390	307.5026855
77.6091000	307.1842957
77.6924610	301.6890259
77.7758220	291.6530762
77.8591830	282.3117676
77.9425440	275.8995056
78.0259050	278.3889160
78.1092660	280.5296936
78.1926270	281.4584656
78.2759880	293.3255005
78.3593491	295.8478088
78.4427101	299.9590759
78.5260711	306.8847961
78.6094321	304.2034302
78.6927931	298.0489807
78.7761541	289.5682068
78.8595151	281.5777283
78.9428761	277.3712463
79.0262371	278.0842590
79.1095981	277.6438599
79.1929591	284.8483887
79.2763202	290.9388123
79.3596812	295.5790405
79.4430422	304.4931335
79.5264032	306.6752319
79.6097642	308.0631104
79.6931252	301.2144470
79.7764862	293.6453247
79.8598472	280.2435303
79.9432082	275.6864929
80.0265692	273.3631592
80.1099303	272.7666931
80.1932913	284.0316772
80.2766523	293.1138611
80.3600133	297.0094299
80.4433743	300.1709595
80.5267353	303.6481323
80.6100963	304.2920837
80.6934573	300.7110596
80.7768183	294.0537720
80.8601793	287.2546082
80.9435404	278.3326416
81.0269014	277.8934021
81.1102624	281.4314575
81.1936234	285.2466431
81.2769844	292.4564209
81.3603454	297.7129211
81.4437064	305.0580139
81.5270674	307.2937927
81.6104284	306.9959717
81.6937894	300.7957764
81.7771504	290.5455017
81.8605115	281.8930664
81.9438725	275.9110107
82.0272335	274.3429260
82.1105945	275.1004333
82.1939555	283.6169128
82.2773165	290.7250671
82.3606775	295.0939331
82.4440385	298.3854370
82.5273995	305.7359314
82.6107605	306.7717896
82.6941216	302.9205627
82.7774826	288.8377686
82.8608436	279.5639954
82.9442046	279.0141907
83.0275656	272.9303284
83.1109266	274.5158691
83.1942876	282.9161987
83.2776486	292.2600098
83.3610096	296.3208313
83.4443706	300.5705261
83.5277317	305.4727783
83.6110927	303.2699280
83.6944537	301.2867432
83.7778147	290.8560791
83.8611757	283.9914551
83.9445367	273.5159302
84.0278977	274.9743347
84.1112587	278.6863403
84.1946197	285.7102661
84.2779807	292.0073242
84.3613417	294.9474487
84.4447028	302.1313477
84.5280638	306.4180908
84.6114248	304.2844543
84.6947858	302.4539795
84.7781468	292.3182373
84.8615078	282.0909119
84.9448688	277.5965881
85.0282298	277.8126221
85.1115908	281.5552979
85.1949518	284.4253845
85.2783129	291.6504822
85.3616739	296.2426147
85.4450349	303.0659180
85.5283959	306.4464722
85.6117569	306.5659180
85.6951179	299.3492432
85.7784789	290.7528992
85.8618399	281.9264221
85.9452009	277.0941467
86.0285619	273.8892212
86.1119229	280.4348450
86.1952840	286.5312500
86.2786450	290.5339661
86.3620060	299.2773132
86.4453670	304.7239380
86.5287280	309.5949707
86.6120890	306.0230713
86.6954500	298.1065979
86.7788110	289.8862305
86.8621720	284.3063965
86.9455330	276.9351196
87.0288941	277.5365906
87.1122551	277.0126648
87.1956161	286.3022461
87.2789771	292.5329285
87.3623381	295.3080139
87.4456991	300.9362793
87.5290601	305.5552673
87.6124211	306.4626160
87.6957821	300.3652649
87.7791431	290.8163757
87.8625042	282.2044373
87.9458652	278.2952576
88.0292262	273.7131348
88.1125872	278.2867432
88.1959482	282.9508057
88.2793092	290.2992249
88.3626702	297.4748535
88.4460312	301.7871704
88.5293922	308.4873962
88.6127532	306.3277588
88.6961142	301.1186218
88.7794753	289.1528320
88.8628363	281.7293091
88.9461973	277.3519897
89.0295583	274.6882629
89.1129193	276.7951965
89.1962803	284.7251282
89.2796413	292.1206055
89.3630023	294.3856506
89.4463633	300.5986633
89.5297243	305.2326355
89.6130854	306.2123108
89.6964464	299.5581055
89.7798074	291.4496765
89.8631684	283.0071411
89.9465294	276.7605896
90.0298904	277.1701355
90.1132514	277.6113892
90.1966124	284.7788696
90.2799734	289.7267761
90.3633344	295.7840271
90.4466955	300.8049316
90.5300565	306.9937744
90.6134175	306.5820007
90.6967785	299.6374207
90.7801395	291.9569397
90.8635005	282.8472900
90.9468615	274.3638611
91.0302225	277.5115662
91.1135835	276.3343201
91.1969445	285.2582703
91.2803055	295.3048096
91.3636666	297.9136963
91.4470276	303.3847351
91.5303886	308.9942932
91.6137496	308.6406250
91.6971106	298.2708130
91.7804716	292.4391785
91.8638326	281.0216370
91.9471936	275.5427856
92.0305546	277.9575195
92.1139156	280.4509888
92.1972767	284.3441162
92.2806377	288.4500122
92.3639987	294.4293518
92.4473597	300.0844421
92.5307207	306.7852173
92.6140817	305.0815430
92.6974427	300.8884583
92.7808037	290.6358948
92.8641647	282.8974609
92.9475257	275.7184753
93.0308867	277.7933655
93.1142478	280.0549316
93.1976088	282.7442627
93.2809698	291.3975525
93.3643308	295.0770264
93.4476918	300.2214966
93.5310528	305.5335083
93.6144138	302.4306030
93.6977748	296.3582764
93.7811358	294.1242981
93.8644968	283.8410950
93.9478579	278.6929321
94.0312189	281.0652466
94.1145799	280.1960449
94.1979409	285.1873779
94.2813019	289.5447388
94.3646629	295.8798828
94.4480239	300.2660828
94.5313849	307.4420776
94.6147459	304.9438477
94.6981069	298.7201233
94.7814680	290.5809631
94.8648290	280.6380920
94.9481900	274.9419861
95.0315510	274.4888611
95.1149120	273.3555908
95.1982730	279.9268188
95.2816340	290.0477905
95.3649950	295.5095215
95.4483560	298.7884521
95.5317170	305.2100525
95.6150780	304.2292480
95.6984391	298.2592468
95.7818001	293.3363342
95.8651611	281.5780334
95.9485221	276.5559998
96.0318831	273.8690186
96.1152441	276.6701660
96.1986051	282.7093811
96.2819661	291.4048462
96.3653271	295.9884338
96.4486881	299.8033447
96.5320492	305.1965637
96.6154102	305.9509277
96.6987712	301.9254761
96.7821322	291.6025696
96.8654932	281.1347351
96.9488542	271.1322632
97.0322152	270.9442444
97.1155762	276.4099121
97.1989372	283.8423157
97.2822982	292.0268860
97.3656592	296.4791565
97.4490203	300.1942444
97.5323813	303.9848328
97.6157423	305.8519287
97.6991033	299.1687317
97.7824643	291.9904785
97.8658253	284.9596863
97.9491863	275.2622375
98.0325473	277.4822083
98.1159083	277.3440552
98.1992693	282.2586365
98.2826304	293.2956543
98.3659914	297.0419922
98.4493524	299.2533264
98.5327134	307.9004822
98.6160744	307.0986633
98.6994354	299.4454346
98.7827964	289.7698364
98.8661574	281.9390564
98.9495184	274.3232117
99.0328794	275.8378906
99.1162405	277.2213745
99.1996015	277.7076721
99.2829625	289.4660950
99.3663235	293.6766052
99.4496845	297.4895020
99.5330455	303.5388489
99.6164065	304.7485962
99.6997675	299.6542969
99.7831285	290.6639404
99.8664895	284.7153625
99.9498505	276.2620239
100.0332116	274.0495300
100.1165726	275.0436401
100.1999336	283.5644531
100.2832946	294.2239990
100.3666556	297.1074524
100.4500166	303.6602478
100.5333776	307.5916748
100.6167386	306.4713745
100.7000996	301.2916260
100.7834606	289.6836243
100.8668217	278.0686951
100.9501827	274.1868286
101.0335437	275.1355286
101.1169047	276.9170837
101.2002657	283.3509827
101.2836267	290.5761719
101.3669877	293.8605652
101.4503487	301.4433289
101.5337097	308.1911621
101.6170707	305.7871094
101.7004318	300.0984497
101.7837928	290.9602356
101.8671538	283.0468750
101.9505148	277.0205383
102.0338758	276.9540710
102.1172368	277.8222046
102.2005978	285.5891724
102.2839588	289.5496216
102.3673198	294.7504578
102.4506808	297.9877625
102.5340418	304.6370239
102.6174029	305.8488464
102.7007639	300.3901062
102.7841249	291.8422852
102.8674859	281.3131409
102.9508469	273.9039307
103.0342079	274.6940918
103.1175689	274.7507324
103.2009299	282.5081177
103.2842909	288.1693115
103.3676519	296.1191406
103.4510130	300.7709351
103.5343740	308.1070557
103.6177350	304.6695557
103.7010960	299.1633301
103.7844570	292.7279358
103.8678180	284.0322876
103.9511790	277.8394165
104.0345400	277.2706909
104.1179010	281.9185486
104.2012620	283.2292786
104.2846230	290.5905457
104.3679841	297.3497009
104.4513451	300.0238342
104.5347061	307.2357483
104.6180671	306.7977600
104.7014281	298.5270691
104.7847891	291.6764221
104.8681501	282.0754700
104.9515111	278.4755249
105.0348721	272.7024841
105.1182331	279.6271362
105.2015942	283.1285706
105.2849552	288.9928589
105.3683162	294.8292542
105.4516772	300.7695312
105.5350382	305.0010681
105.6183992	308.4677429
105.7017602	301.2524109
105.7851212	289.9740906
105.8684822	281.8790588
105.9518432	277.4361572
106.0352043	275.8199768
106.1185653	278.0684814
106.2019263	284.6519470
106.2852873	285.7291565
106.3686483	295.9853210
106.4520093	299.3804321
106.5353703	304.0747681
106.6187313	303.2661133
106.7020923	298.0301208
106.7854533	291.3174744
106.8688143	284.5087585
106.9521754	277.5243835
107.0355364	272.9885254
107.1188974	275.1003113
107.2022584	280.0400696
107.2856194	288.6899109
107.3689804	296.6825562
107.4523414	301.8622742
107.5357024	305.6414185
107.6190634	306.7330933
107.7024244	298.6283264
107.7857855	290.9914551
107.8691465	282.1430359
107.9525075	274.3503418
108.0358685	274.1010437
108.1192295	273.5252991
108.2025905	282.5359192
108.2859515	290.8066101
108.3693125	292.8262024
108.4526735	299.1546936
108.5360345	303.0053711
108.6193955	303.0640869
108.7027566	300.5249329
108.7861176	290.2388611
108.8694786	284.8900452
108.9528396	277.5235596
109.0362006	272.7182617
109.1195616	277.1144104
109.2029226	283.8626709
109.2862836	290.5815430
109.3696446	294.0752258
109.4530056	298.8831787
109.5363667	301.8606262
109.6197277	306.1187439
109.7030887	300.7483215
109.7864497	292.5556946
109.8698107	281.7110291
109.9531717	273.7134705
110.0365327	275.5990906
110.1198937	279.9767761
110.2032547	287.6913452
110.2866157	290.5043945
110.3699768	294.7963257
110.4533378	298.9991150
110.5366988	308.2913208
110.6200598	306.2215881
110.7034208	302.1013794
110.7867818	290.9757080
110.8701428	281.2913513
110.9535038	269.0720215
111.0368648	273.1774902
111.1202258	280.2136841
111.2035868	286.2841797
111.2869479	291.3536377
111.3703089	296.0346680
111.4536699	302.8841858
111.5370309	307.6551514
111.6203919	307.2243652
111.7037529	299.8450623
111.7871139	291.2210693
111.8704749	282.8874207
111.9538359	277.3511353
112.0371969	271.7646790
112.1205580	280.6747131
112.2039190	284.5752869
112.2872800	291.3730164
112.3706410	295.6693115
112.4540020	302.9735107
112.5373630	308.1849670
112.6207240	306.2720947
112.7040850	299.2962341
112.7874460	289.8956604
112.8708070	280.0464783
112.9541681	275.4175415
113.0375291	276.2139587
113.1208901	275.0658875
113.2042511	283.3510437
113.2876121	291.5637817
113.3709731	296.0825195
113.4543341	300.8147278
113.5376951	306.1460571
113.6210561	306.2198181
113.7044171	300.7651062
113.7877781	293.7142029
113.8711392	282.4339294
113.9545002	276.6988220
114.0378612	275.0638733
114.1212222	278.8383179
114.2045832	281.1080017
114.2879442	290.9011230
114.3713052	295.3283997
114.4546662	300.9630432
114.5380272	305.8247986
114.6213882	304.1079407
114.7047493	299.3641052
114.7881103	292.1462708
114.8714713	284.6767883
114.9548323	275.9845276
115.0381933	278.1549072
115.1215543	276.1860046
115.2049153	283.9595337
115.2882763	292.8981323
115.3716373	295.7899170
115.4549983	299.2282104
115.5383593	306.9487000
115.6217204	305.2587891
115.7050814	298.5440674
115.7884424	290.5118408
115.8718034	282.8975525
115.9551644	276.1352844
116.0385254	271.5193481
116.1218864	275.5652466
116.2052474	278.9868774
116.2886084	290.5875244
116.3719694	296.2409363
116.4553305	300.1749573
116.5386915	306.9763794
116.6220525	308.4514465
116.7054135	301.3635864
116.7887745	291.1529846
116.8721355	279.8132019
116.9554965	277.5113220
117.0388575	274.7686157
117.1222185	272.2157593
117.2055795	282.3674927
117.2889406	290.5972595
117.3723016	293.7865295
117.4556626	301.8451538
117.5390236	309.1243591
117.6223846	307.8953552
117.7057456	298.6640625
117.7891066	293.0333252
117.8724676	283.0401001
117.9558286	275.0425720
118.0391896	277.3834229
118.1225506	277.1504211
118.2059117	284.6338196
118.2892727	293.2836609
118.3726337	296.4990845
118.4559947	301.5100708
118.5393557	308.7923889
118.6227167	307.9329834
118.7060777	300.6181030
118.7894387	290.3062744
118.8727997	280.8364868
118.9561607	275.3573914
119.0395218	277.0812683
119.1228828	280.5963135
119.2062438	287.7834167
119.2896048	289.5708923
119.3729658	293.1760864
119.4563268	300.1029968
119.5396878	307.2879639
119.6230488	306.9979248
119.7064098	302.5950317
119.7897708	290.3120422
119.8731318	282.8576965
119.9564929	276.4009399
120.0398539	273.6494446
120.1232149	277.6969604
120.2065759	284.3868713
120.2899369	291.3348999
120.3732979	294.8479004
120.4566589	302.2608643
120.5400199	307.5882568
120.6233809	303.6163330
120.7067419	301.1510620
120.7901030	290.9009399
120.8734640	280.2929077
120.9568250	277.0564880
121.0401860	276.2734680
121.1235470	278.7882996
121.2069080	279.1706543
121.2902690	290.6441650
121.3736300	294.1948547
121.4569910	297.1928101
121.5403520	303.6242676
121.6237131	307.6226196
121.7070741	299.3407593
121.7904351	290.5504456
121.8737961	282.0317688
121.9571571	276.1422119
122.0405181	275.3207092
122.1238791	278.0801392
122.2072401	285.5364685
122.2906011	291.5331421
122.3739621	293.8615417
122.4573231	302.6823120
122.5406842	305.9448853
122.6240452	305.6696167
122.7074062	301.4200134
122.7907672	292.4801636
122.8741282	280.0780945
122.9574892	273.8358459
123.0408502	278.0897827
123.1242112	277.5425415
123.2075722	280.5908508
123.2909332	288.9082031
123.3742943	295.9470520
123.4576553	301.5557861
123.5410163	307.5728455
123.6243773	306.5609436
123.7077383	300.6709900
123.7910993	292.4832764
123.8744603	284.6745300
123.9578213	277.7074280
124.0411823	274.9597473
124.1245433	273.5724487
124.2079044	274.3801270
124.2912654	289.1997070
124.3746264	294.6625671
124.4579874	296.3883667
124.5413484	304.4590149
124.6247094	305.4342957
124.7080704	300.1159973
124.7914314	287.0083008
124.8747924	281.4439087
124.9581534	277.3475037
125.0415144	275.0304871
125.1248755	280.5811157
125.2082365	283.1231995
125.2915975	291.7212524
125.3749585	292.9869690
125.4583195	298.4050293
125.5416805	304.5270081
125.6250415	306.7179871
125.7084025	297.9174805
125.7917635	290.1967468
125.8751245	282.7361450
125.9584856	275.8255920
126.0418466	272.6961365
126.1252076	275.3363342
126.2085686	281.3919678
126.2919296	289.5959778
126.3752906	293.7984314
126.4586516	297.9124756
126.5420126	305.9623718
126.6253736	304.7402954
126.7087346	298.7551880
126.7920956	290.0163879
126.8754567	278.1364441
126.9588177	273.3603516
127.0421787	273.1068726
127.1255397	270.8572388
127.2089007	282.6770630
127.2922617	288.9305420
127.3756227	295.6007385
127.4589837	301.4096985
127.5423447	305.6857300
127.6257057	304.8117371
127.7090668	299.1787415
127.7924278	292.0590820
127.8757888	280.0703430
127.9591498	278.6275635
128.0425108	280.1578674
128.1258718	279.1273193
128.2092328	288.4254150
128.2925938	290.7142029
128.3759548	294.6930542
128.4593158	301.7316589
128.5426769	304.8523865
128.6260379	308.1856384
128.7093989	297.6154480
128.7927599	290.5166321
128.8761209	281.8833618
128.9594819	274.3301392
129.0428429	273.3381042
129.1262039	277.3760071
129.2095649	281.9371643
129.2929259	286.8671570
129.3762869	293.3056335
129.4596480	296.5641785
129.5430090	303.7709961
129.6263700	304.6426697
129.7097310	301.5904846
129.7930920	289.7085876
129.8764530	281.7945862
129.9598140	275.3696594
130.0431750	274.8058777
130.1265360	277.5733032
130.2098970	287.6740417
130.2932581	292.5408020
130.3766191	292.5338135
130.4599801	299.9744568
130.5433411	303.4829407
130.6267021	305.2326050
130.7100631	299.7888794
130.7934241	292.1084900
130.8767851	278.0340271
130.9601461	276.5767822
131.0435071	272.2619934
131.1268682	276.4046021
131.2102292	283.5543213
131.2935902	292.5307617
131.3769512	293.1921387
131.4603122	303.1143494
131.5436732	308.4736633
131.6270342	305.1001892
131.7103952	301.5408020
131.7937562	289.8804932
131.8771172	281.4522095
131.9604782	277.1615906
132.0438393	276.7272644
132.1272003	277.7400208
132.2105613	286.7904053
132.2939223	292.8888245
132.3772833	296.9701843
132.4606443	300.2611084
132.5440053	307.9543457
132.6273663	305.5949707
132.7107273	299.1958008
132.7940883	288.8766174
132.8774494	279.4211426
132.9608104	272.2709351
133.0441714	275.1893005
133.1275324	280.4931335
133.2108934	286.1726990
133.2942544	292.1675415
133.3776154	293.2785645
133.4609764	297.4510498
133.5443374	303.6906738
133.6276984	306.1242981
133.7110594	301.3395081
133.7944205	290.4030457
133.8777815	283.7750549
133.9611425	271.9301758
134.0445035	270.7208862
134.1278645	268.7229614
134.2112255	284.9731140
134.2945865	293.8713684
134.3779475	296.9953918
134.4613085	303.3598022
134.5446695	305.7544861
134.6280306	302.4805603
134.7113916	296.5623169
134.7947526	292.3555298
134.8781136	282.3731995
134.9614746	280.3570862
135.0448356	279.5646362
135.1281966	277.3208008
135.2115576	284.5786133
135.2949186	290.0317993
135.3782796	291.7084656
135.4616407	298.3023682
135.5450017	306.9126587
135.6283627	306.8635559
135.7117237	303.0672913
135.7950847	288.7862244
135.8784457	280.7754517
135.9618067	276.2349548
136.0451677	277.2650452
136.1285287	273.1060486
136.2118897	281.1446838
136.2952507	290.4221191
136.3786118	293.4687805
136.4619728	296.7043152
136.5453338	306.9116821
136.6286948	307.0620728
136.7120558	302.0201721
136.7954168	291.1658630
136.8787778	282.7420959
136.9621388	276.5684814
137.0454998	277.5313721
137.1288608	271.7719116
137.2122219	286.0238953
137.2955829	290.3444824
137.3789439	291.5024414
137.4623049	301.2379761
137.5456659	306.0133057
137.6290269	308.8989563
137.7123879	303.0740051
137.7957489	291.6702881
137.8791099	281.8408203
137.9624709	276.5388489
138.0458319	273.6402283
138.1291930	272.7751770
138.2125540	288.7662659
138.2959150	294.1184692
138.3792760	293.9380493
138.4626370	300.5668030
138.5459980	306.0478516
138.6293590	307.2035522
138.7127200	298.2084045
138.7960810	288.6847839
138.8794420	283.2793884
138.9628031	276.0459900
139.0461641	272.9761353
139.1295251	276.9654846
139.2128861	286.1488953
139.2962471	290.3865051
139.3796081	294.4565430
139.4629691	300.8179932
139.5463301	304.8334961
139.6296911	305.6599731
139.7130521	301.6623840
139.7964132	289.7874451
139.8797742	281.6501465
139.9631352	276.4743652
140.0464962	277.1815796
140.1298572	276.6526489
140.2132182	282.5413513
140.2965792	292.3354187
140.3799402	294.9209900
140.4633012	300.4154053
140.5466622	305.5668640
140.6300232	305.9468384
140.7133843	299.6101685
140.7967453	290.4554138
140.8801063	284.0232239
140.9634673	278.1293030
141.0468283	276.7693176
141.1301893	282.0029297
141.2135503	286.7611389
141.2969113	292.5969543
141.3802723	296.4460144
141.4636333	303.5790710
141.5469944	307.0874329
141.6303554	307.6725464
141.7137164	302.7066345
141.7970774	291.9390869
141.8804384	279.3072510
141.9637994	276.0368347
142.0471604	275.6274109
142.1305214	276.0005493
142.2138824	286.0306702
142.2972434	291.9636841
142.3806045	293.1056213
142.4639655	299.3010864
142.5473265	305.9692993
142.6306875	304.5903625
142.7140485	301.3948975
142.7974095	291.6490173
142.8807705	280.5179749
142.9641315	275.7626343
143.0474925	273.5286255
143.1308535	271.6593628
143.2142145	278.1054382
143.2975756	284.7898560
143.3809366	295.8741455
143.4642976	296.8667297
143.5476586	301.4012146
143.6310196	305.2974548
143.7143806	301.3743896
143.7977416	293.4373169
143.8811026	283.0039673
143.9644636	276.1180420
144.0478246	276.0145569
144.1311857	275.4804382
144.2145467	283.7824402
144.2979077	290.5414124
144.3812687	295.2620544
144.4646297	298.6385193
144.5479907	305.1772461
144.6313517	307.4158630
144.7147127	301.7951965
144.7980737	293.7220459
144.8814347	283.8841553
144.9647957	275.4273376
145.0481568	275.4389343
145.1315178	279.3811340
145.2148788	287.3459167
145.2982398	292.6649170
145.3816008	295.2932434
145.4649618	297.3691101
145.5483228	307.7343750
145.6316838	309.4056396
145.7150448	299.6422729
145.7984058	290.2424927
145.8817669	282.0728760
145.9651279	275.8500977
146.0484889	277.9355774
146.1318499	279.9161682
146.2152109	284.4570007
146.2985719	291.5000916
146.3819329	294.9252014
146.4652939	301.2193909
146.5486549	305.4009705
146.6320159	306.8401489
146.7153770	302.5164795
146.7987380	293.3926392
146.8820990	282.5810852
146.9654600	275.7358398
147.0488210	275.9502563
147.1321820	273.7548828
147.2155430	281.7308044
147.2989040	288.0822449
147.3822650	296.2661438
147.4656260	300.2885437
147.5489870	306.3806763
147.6323481	307.3742371
147.7157091	299.4686584
147.7990701	290.4144592
147.8824311	283.3722534
147.9657921	277.8546143
148.0491531	274.9034119
148.1325141	277.0619202
148.2158751	285.6917419
148.2992361	290.5773926
148.3825971	294.2877197
148.4659582	302.8295593
148.5493192	308.1802673
148.6326802	307.5620728
148.7160412	302.0961609
148.7994022	293.1940308
148.8827632	284.2882996
148.9661242	276.5514526
149.0494852	274.6692200
149.1328462	277.9961548
149.2162072	283.7516174
149.2995682	291.5494690
149.3829293	295.5348511
149.4662903	300.3782959
149.5496513	306.1262512
149.6330123	308.7938538
149.7163733	303.4923096
149.7997343	295.2310791
149.8830953	281.8666382
149.9664563	276.5417786
150.0498173	278.4118652
150.1331783	277.7048645
150.2165394	283.1881104
150.2999004	290.3898926
150.3832614	296.8977966
150.4666224	300.4785156
150.5499834	307.1999817
150.6333444	307.8502197
150.7167054	302.1886597
150.8000664	292.7166748
150.8834274	281.2146301
150.9667884	278.4558716
151.0501495	276.3796692
151.1335105	273.9501953
151.2168715	285.9429016
151.3002325	292.5082092
151.3835935	295.7428894
151.4669545	301.6853943
151.5503155	306.1471863
151.6336765	305.6979980
151.7170375	300.5529785
151.8003985	293.0503235
151.8837595	283.8068848
151.9671206	275.7704773
152.0504816	272.1053467
152.1338426	275.6023560
152.2172036	278.6609192
152.3005646	292.6717224
152.3839256	294.7011719
152.4672866	300.5526428
152.5506476	306.5180359
152.6340086	305.4814758
152.7173696	299.2650757
152.8007307	292.4863892
152.8840917	284.0674438
152.9674527	277.4100952
153.0508137	278.3569641
153.1341747	279.9996643
153.2175357	285.8026123
153.3008967	293.0122070
153.3842577	296.3010559
153.4676187	301.3979797
153.5509797	308.3355713
153.6343408	309.2399902
153.7177018	301.6180420
153.8010628	290.8779602
153.8844238	284.5651855
153.9677848	276.7964783
154.0511458	274.3744202
154.1345068	280.6423645
154.2178678	284.2851868
154.3012288	290.8505554
154.3845898	294.1494446
154.4679508	300.1026001
154.5513119	306.1795044
154.6346729	306.3816833
154.7180339	301.0945435
154.8013949	294.4772949
154.8847559	283.8100281
154.9681169	276.0341797
155.0514779	276.4765930
155.1348389	281.2371216
155.2181999	286.0249329
155.3015609	289.6914673
155.3849220	295.5662537
155.4682830	297.2829895
155.5516440	304.9265137
155.6350050	305.3361206
155.7183660	301.5535583
155.8017270	293.0461121
155.8850880	284.0223083
155.9684490	278.8394165
156.0518100	278.7020264
156.1351710	280.4266357
156.2185320	285.3870850
156.3018931	289.6350403
156.3852541	294.4268494
156.4686151	301.3378296
156.5519761	308.6802673
156.6353371	308.0175476
156.7186981	302.7966309
156.8020591	295.1365967
156.8854201	281.4073792
156.9687811	275.9570007
157.0521421	273.7222595
157.1355032	278.5573120
157.2188642	283.9487000
157.3022252	286.5581360
157.3855862	294.3010559
157.4689472	298.8508911
157.5523082	305.6778259
157.6356692	307.5219727
157.7190302	302.1043701
157.8023912	293.4642334
157.8857522	285.1377258
157.9691133	279.0690613
158.0524743	276.4427795
158.1358353	272.3072510
158.2191963	284.9944153
158.3025573	289.4253540
158.3859183	296.0998840
158.4692793	302.8084412
158.5526403	305.0541077
158.6360013	306.3121948
158.7193623	299.0408325
158.8027233	291.4707336
158.8860844	283.4040833
158.9694454	278.3211365
159.0528064	277.4169312
159.1361674	280.1925964
159.2195284	284.6456909
159.3028894	291.1272583
159.3862504	295.5266418
159.4696114	300.4096985
159.5529724	304.5152893
159.6363334	308.2004700
159.7196945	298.2215576
159.8030555	292.8670654
159.8864165	284.7947388
159.9697775	277.0045166
160.0531385	277.5434875
160.1364995	280.9518127
160.2198605	283.6009827
160.3032215	292.0792236
160.3865825	296.5458069
160.4699435	303.1664734
160.5533045	306.9091187
160.6366656	309.3767395
160.7200266	302.2973633
160.8033876	294.3768616
160.8867486	281.0781555
160.9701096	278.2553711
161.0534706	278.8460388
161.1368316	275.2255249
161.2201926	282.2720337
161.3035536	291.0553284
161.3869146	293.5992432
161.4702757	301.6089478
161.5536367	306.3048706
161.6369977	305.3183899
161.7203587	301.1676636
161.8037197	294.6918640
161.8870807	282.6586609
161.9704417	279.7259521
162.0538027	277.2217102
162.1371637	279.1295166
162.2205247	283.6288147
162.3038858	291.5321960
162.3872468	295.1440735
162.4706078	301.3936462
162.5539688	307.9057312
162.6373298	308.7432251
162.7206908	303.2164001
162.8040518	292.0223694
162.8874128	282.1998901
162.9707738	280.3552246
163.0541348	280.1892395
163.1374958	281.7045288
163.2208569	287.0711975
163.3042179	292.6151123
163.3875789	296.5480652
163.4709399	301.0247803
163.5543009	308.8654480
163.6376619	307.0676880
163.7210229	300.1571350
163.8043839	291.1731262
163.8877449	282.4068298
163.9711059	276.7997437
164.0544670	274.4192505
164.1378280	279.4339294
164.2211890	282.4881592
164.3045500	290.1355896
164.3879110	297.3263855
164.4712720	303.7155151
164.5546330	308.9191895
164.6379940	306.1428528
164.7213550	301.2070312
164.8047160	293.1173401
164.8880771	284.7002563
164.9714381	275.7722473
165.0547991	275.5027161
165.1381601	278.1434937
165.2215211	286.6413879
165.3048821	293.4906006
165.3882431	294.2673950
165.4716041	300.6993713
165.5549651	308.5229797
165.6383261	308.5885315
165.7216871	300.9547424
165.8050482	292.4281616
165.8884092	282.9428711
165.9717702	274.4678345
166.0551312	277.9728088
166.1384922	283.1567688
166.2218532	283.8591309
166.3052142	289.4839478
166.3885752	294.1535950
166.4719362	297.2831726
166.5552972	306.1360168
166.6386583	306.7327881
166.7220193	297.6469727
166.8053803	291.3119812
166.8887413	283.2679138
166.9721023	277.2410278
167.0554633	275.3685913
167.1388243	278.9692078
167.2221853	281.6940613
167.3055463	289.8603210
167.3889073	295.7559509
167.4722683	303.7478943
167.5556294	310.4661560
167.6389904	310.3849792
167.7223514	304.5092163
167.8057124	291.3149109
167.8890734	283.9479980
167.9724344	281.4304199
168.0557954	279.2984314
168.1391564	276.7659302
168.2225174	286.6703186
168.3058784	286.5930481
168.3892395	295.9656982
168.4726005	302.5282593
168.5559615	308.5714417
168.6393225	308.3778992
168.7226835	301.4337769
168.8060445	293.5527649
168.8894055	286.0416870
168.9727665	276.6197510
169.0561275	274.7951050
169.1394885	278.2552795
169.2228496	283.6983643
169.3062106	290.2251587
169.3895716	294.9990845
169.4729326	301.7373047
169.5562936	308.3652649
169.6396546	309.6539001
169.7230156	303.2917480
169.8063766	292.2362061
169.8897376	284.6539612
169.9730986	278.5211182
170.0564596	276.1490479
170.1398207	273.0263672
170.2231817	283.6551208
170.3065427	292.3648682
170.3899037	294.7672729
170.4732647	301.0674438
170.5566257	304.9188843
170.6399867	306.7581482
170.7233477	302.1772766
170.8067087	293.6903687
170.8900697	285.0213623
170.9734308	277.7374573
171.0567918	276.9955444
171.1401528	280.0603943
171.2235138	284.7858276
171.3068748	290.7380371
171.3902358	296.2485352
171.4735968	302.5003662
171.5569578	308.4008484
171.6403188	310.0227356
171.7236798	304.4236450
171.8070409	290.7821960
171.8904019	282.2593384
171.9737629	276.3527222
172.0571239	276.7370911
172.1404849	276.9258423
172.2238459	286.0543213
172.3072069	291.6504211
172.3905679	296.0694580
172.4739289	299.5183105
172.5572899	308.2149963
172.6406509	308.9034729
172.7240120	300.5373840
172.8073730	292.5282593
172.8907340	284.6340332
172.9740950	279.3546753
173.0574560	275.6103516
173.1408170	282.5031433
173.2241780	286.4309998
173.3075390	293.5437622
173.3909000	296.3602295
173.4742610	304.4186096
173.5576221	308.0592346
173.6409831	310.6085205
173.7243441	303.8384094
173.8077051	296.9338684
173.8910661	283.4120789
173.9744271	279.7561035
174.0577881	275.6872864
174.1411491	283.9682312
174.2245101	283.8540955
174.3078711	294.1538696
174.3912321	295.5664673
174.4745932	301.5554504
174.5579542	307.8529358
174.6413152	307.8988037
174.7246762	300.4920654
174.8080372	294.1716309
174.8913982	285.6143799
174.9747592	277.3513794
175.0581202	276.8825684
175.1414812	279.4561768
175.2248422	284.2411804
175.3082033	290.2663269
175.3915643	294.6817322
175.4749253	299.4895020
175.5582863	308.0794373
175.6416473	308.1257935
175.7250083	300.1515198
175.8083693	295.1777954
175.8917303	282.3752441
175.9750913	278.2344360
176.0584523	279.5428467
176.1418134	279.9165649
176.2251744	287.5053101
176.3085354	294.1499939
176.3918964	299.0662231
176.4752574	306.7819214
176.5586184	311.8082886
176.6419794	308.3552246
176.7253404	301.1058350
176.8087014	294.7887268
176.8920624	283.5828857
176.9754234	279.1750488
177.0587845	274.4711304
177.1421455	276.9551086
177.2255065	285.1701355
177.3088675	288.7344971
177.3922285	297.2783813
177.4755895	299.9421692
177.5589505	306.5513611
177.6423115	307.4338989
177.7256725	301.9609680
177.8090335	292.4462280
177.8923946	285.2452087
177.9757556	277.8709717
178.0591166	277.5034790
178.1424776	277.0759277
178.2258386	284.8634644
178.3091996	286.1088562
178.3925606	296.1236572
178.4759216	301.0802307
178.5592826	307.4776306
178.6426436	309.4119568
178.7260046	300.1109619
178.8093657	293.3299255
178.8927267	281.3812866
178.9760877	277.2858887
179.0594487	279.8706055
179.1428097	280.5449829
179.2261707	283.8177490
179.3095317	291.6251221
179.3928927	297.3413696
179.4762537	299.7940674
179.5596147	307.6364441
179.6429758	309.8019714
179.7263368	301.1668396
179.8096978	294.0186768
179.8930588	284.8572693
179.9764198	280.5697021
180.0597808	276.5318909
180.1431418	281.1121826
180.2265028	283.9483643
180.3098638	293.6246643
180.3932248	298.4828491
180.4765859	306.3631592
180.5599469	309.7422485
180.6433079	309.6926270
180.7266689	303.2238464
180.8100299	292.0657959
180.8933909	284.8288574
180.9767519	276.7864380
181.0601129	274.5458679
181.1434739	279.8131714
181.2268349	286.0432739
181.3101959	291.6291504
181.3935570	296.3563232
181.4769180	304.6782837
181.5602790	309.2738037
181.6436400	307.5260315
181.7270010	303.2805786
181.8103620	296.6277771
181.8937230	284.0886536
181.9770840	277.6726990
182.0604450	278.6885071
182.1438060	279.7023926
182.2271671	287.7159729
182.3105281	294.7216492
182.3938891	295.7269287
182.4772501	302.7190552
182.5606111	308.6228638
182.6439721	310.1510315
182.7273331	303.2793274
182.8106941	293.2861938
182.8940551	282.7879639
182.9774161	279.2599182
183.0607772	277.0085754
183.1441382	286.7756042
183.2274992	287.5380859
183.3108602	293.1871033
183.3942212	299.3346558
183.4775822	303.7426758
183.5609432	311.2211609
183.6443042	310.5138855
183.7276652	303.6562500
183.8110262	293.7814636
183.8943872	287.1977844
183.9777483	275.2080383
184.0611093	272.9185791
184.1444703	273.6116333
184.2278313	283.0833740
184.3111923	294.0114746
184.3945533	298.3718872
184.4779143	303.9353638
184.5612753	306.8066406
184.6446363	307.0648193
184.7279973	301.8260193
184.8113584	291.6171570
184.8947194	284.4737549
184.9780804	276.0728455
185.0614414	279.3117981
185.1448024	279.9419250
185.2281634	288.7522278
185.3115244	291.2602539
185.3948854	296.2678528
185.4782464	303.7909851
185.5616074	310.1254883
185.6449684	311.0730591
185.7283295	302.0131531
185.8116905	292.5161743
185.8950515	284.3414307
185.9784125	277.4944763
186.0617735	275.7503662
186.1451345	276.4792480
186.2284955	285.6402283
186.3118565	292.8912354
186.3952175	295.5653687
186.4785785	299.8873901
186.5619396	306.7170715
186.6453006	305.5285645
186.7286616	301.4201965
186.8120226	294.0283508
186.8953836	283.3268127
186.9787446	277.5809021
187.0621056	275.2896118
187.1454666	280.8479004
187.2288276	285.3725281
187.3121886	292.2420349
187.3955497	297.5615234
187.4789107	301.1309204
187.5622717	311.5639038
187.6456327	311.3056946
187.7289937	302.9112549
187.8123547	292.2940369
187.8957157	285.5176086
187.9790767	277.7424011
188.0624377	276.5655212
188.1457987	280.8030701
188.2291597	286.2933044
188.3125208	290.8173218
188.3958818	294.6975403
188.4792428	302.5871582
188.5626038	309.5326843
188.6459648	309.6612549
188.7293258	301.1526794
188.8126868	290.0969238
188.8960478	284.8605957
188.9794088	278.9001465
189.0627698	274.0483093
189.1461309	282.0260315
189.2294919	286.2983704
189.3128529	291.8613281
189.3962139	296.6199036
189.4795749	302.9165649
189.5629359	309.4203186
189.6462969	310.9007874
189.7296579	302.9507141
189.8130189	293.3688049
189.8963799	285.5288696
189.9797409	279.3554993
190.0631020	277.1566162
190.1464630	280.6238403
190.2298240	286.2532959
190.3131850	291.1142883
190.3965460	299.0256348
190.4799070	305.5046387
190.5632680	313.4927368
190.6466290	310.5488281
190.7299900	305.6585999
190.8133510	293.9574280
190.8967121	284.4888611
190.9800731	277.0432739
191.0634341	274.8633728
191.1467951	282.5743713
191.2301561	283.0684204
191.3135171	292.3931885
191.3968781	297.1501160
191.4802391	305.1391602
191.5636001	312.3220825
191.6469611	312.4664612
191.7303222	304.5570679
191.8136832	297.1460876
191.8970442	286.5174866
191.9804052	282.3322754
192.0637662	277.9863892
192.1471272	279.8477478
192.2304882	287.8600464
192.3138492	292.6146545
192.3972102	298.8776855
192.4805712	308.4054565
192.5639322	309.3865356
192.6472933	310.6077576
192.7306543	304.7775269
192.8140153	295.1283264
192.8973763	282.8865662
192.9807373	279.6610413
193.0640983	278.0162354
193.1474593	282.6159668
193.2308203	288.7431030
193.3141813	292.4751282
193.3975423	299.6829224
193.4809034	303.1809082
193.5642644	309.9051514
193.6476254	309.3330078
193.7309864	304.8082275
193.8143474	294.8162842
193.8977084	284.5907288
193.9810694	276.2917480
194.0644304	276.1357117
194.1477914	282.7363892
194.2311524	285.1060791
194.3145135	294.6300964
194.3978745	297.6887207
194.4812355	302.4757080
194.5645965	307.1630249
194.6479575	307.6934204
194.7313185	303.4195862
194.8146795	291.6792603
194.8980405	283.8655396
194.9814015	277.4737244
195.0647625	277.2059937
195.1481235	278.1257324
195.2314846	286.6592407
195.3148456	292.0393982
195.3982066	297.1645203
195.4815676	304.0801697
195.5649286	309.8302612
195.6482896	309.9920349
195.7316506	304.0529785
195.8150116	293.2656860
195.8983726	282.3721008
195.9817336	278.1719666
196.0650947	276.1387329
196.1484557	279.3361816
196.2318167	287.8667297
196.3151777	293.0643005
196.3985387	295.7060242
196.4818997	303.1678162
196.5652607	305.4876099
196.6486217	308.4630127
196.7319827	304.3974304
196.8153437	294.7720337
196.8987047	282.4153137
196.9820658	278.6798706
197.0654268	279.2905579
197.1487878	281.7922974
197.2321488	286.5123596
197.3155098	290.5564575
197.3988708	295.1366272
197.4822318	301.8647766
197.5655928	310.1781006
197.6489538	308.9580994
197.7323148	302.8712769
197.8156759	291.3356018
197.8990369	282.5806274
197.9823979	278.6946411
198.0657589	277.9606628
198.1491199	279.5064697
198.2324809	283.9531250
198.3158419	289.6495056
198.3992029	296.7708435
198.4825639	304.8563232
198.5659249	311.1339417
198.6492860	311.1026917
198.7326470	304.9869690
198.8160080	293.2201233
198.8993690	283.2184448
198.9827300	279.3237915
199.0660910	278.8966980
199.1494520	280.8573303
199.2328130	286.3611145
199.3161740	294.0616760
199.3995350	296.9387817
199.4828960	303.5193176
199.5662571	310.7006531
199.6496181	310.8262634
199.7329791	301.7899475
199.8163401	297.0646057
199.8997011	284.0270996
199.9830621	276.4461060
200.0664231	276.4141846
200.1497841	276.4853516
200.2331451	282.6128540
200.3165061	294.6607666
200.3998672	296.2554932
200.4832282	302.3564453
200.5665892	308.9023743
200.6499502	308.8116760
200.7333112	306.3111877
200.8166722	293.5066833
200.9000332	285.7114258
200.9833942	278.4042358
201.0667552	278.5575256
201.1501162	280.2802734
201.2334773	286.4119873
201.3168383	292.1581726
201.4001993	296.1995850
201.4835603	301.1243286
201.5669213	310.2492371
201.6502823	309.9504395
201.7336433	303.1250305
201.8170043	294.6071777
201.9003653	288.7991638
201.9837263	280.1032715
202.0670873	277.0407410
202.1504484	283.1553650
202.2338094	288.8786926
202.3171704	293.5667419
202.4005314	297.7565918
202.4838924	302.2842102
202.5672534	308.4385681
202.6506144	310.8671265
202.7339754	305.6740723
202.8173364	297.3456421
202.9006974	286.3678589
202.9840585	279.3335266
203.0674195	277.3234253
203.1507805	280.3957825
203.2341415	285.3266907
203.3175025	292.4075928
203.4008635	296.0126038
203.4842245	302.5438232
203.5675855	309.6195374
203.6509465	309.4500732
203.7343075	303.0149231
203.8176685	293.6098022
203.9010296	283.5138855
203.9843906	276.6975403
204.0677516	278.4826965
204.1511126	280.3442383
204.2344736	285.3108215
204.3178346	292.6734009
204.4011956	295.0786438
204.4845566	298.6034241
204.5679176	307.2500000
204.6512786	309.8681641
204.7346397	302.9515686
204.8180007	293.7694702
204.9013617	284.9545593
204.9847227	275.7192688
205.0680837	277.4677124
205.1514447	278.5832825
205.2348057	283.8635254
205.3181667	290.6513977
205.4015277	298.1098633
205.4848887	302.4268188
205.5682498	309.0037537
205.6516108	309.8815918
205.7349718	305.0444946
205.8183328	292.9564514
205.9016938	285.6465454
205.9850548	279.5807800
206.0684158	274.9379883
206.1517768	283.7198181
206.2351378	288.0175476
206.3184988	296.8274841
206.4018598	300.3224792
206.4852209	306.7804871
206.5685819	312.1759033
206.6519429	310.4603271
206.7353039	303.3234558
206.8186649	294.3286438
206.9020259	286.4030762
206.9853869	279.5404358
207.0687479	277.8650818
207.1521089	286.4923706
207.2354699	288.3865051
207.3188310	291.4840698
207.4021920	297.4883423
207.4855530	305.4280396
207.5689140	312.0270996
207.6522750	312.5469666
207.7356360	305.2402954
207.8189970	295.4506531
207.9023580	283.6651001
207.9857190	278.4299011
208.0690800	277.9273682
208.1524410	278.1932068
208.2358021	287.6117859
208.3191631	292.2404480
208.4025241	297.3844604
208.4858851	301.8756409
208.5692461	303.3788757
208.6526071	305.0621033
208.7359681	301.5958252
208.8193291	293.8108521
208.9026901	283.3466492
208.9860511	275.1781006
209.0694122	276.2881775
209.1527732	280.4019470
209.2361342	286.2171021
209.3194952	289.6198425
209.4028562	298.1420593
209.4862172	301.5529785
209.5695782	308.2890015
209.6529392	309.0781555
209.7363002	302.2759094
209.8196612	291.7292786
209.9030223	284.9249268
209.9863833	278.0944519
210.0697443	281.1782227
210.1531053	282.2778015
210.2364663	284.5623169
210.3198273	290.4986267
210.4031883	297.1839294
210.4865493	301.9111328
210.5699103	309.0071106
210.6532713	307.9870605
210.7366323	304.1136169
210.8199934	293.3613281
210.9033544	285.9062805
210.9867154	281.7752991
211.0700764	279.8846741
211.1534374	284.1662292
211.2367984	288.9063110
211.3201594	295.5380554
211.4035204	298.1310120
211.4868814	304.5538330
211.5702424	311.5988464
211.6536035	312.0043640
211.7369645	303.2969055
211.8203255	294.6601257
211.9036865	284.9467773
211.9870475	280.6828918
212.0704085	279.5321350
212.1537695	281.3841858
212.2371305	288.4020996
212.3204915	293.7174988
212.4038525	297.9223022
212.4872136	301.1330566
212.5705746	310.1873169
212.6539356	310.0263367
212.7372966	303.5456848
212.8206576	295.5461426
212.9040186	285.4783936
212.9873796	280.4443970
213.0707406	274.4439697
213.1541016	280.3850098
213.2374626	286.1853638
213.3208236	292.0075989
213.4041847	297.2192078
213.4875457	303.5798950
213.5709067	306.7734375
213.6542677	307.8975830
213.7376287	305.4187317
213.8209897	295.0898132
213.9043507	284.8110962
213.9877117	278.4225464
214.0710727	278.4241333
214.1544337	283.2355042
214.2377948	286.7478638
214.3211558	294.2288818
214.4045168	295.4449768
214.4878778	300.9913025
214.5712388	309.0426941
214.6545998	307.1690979
214.7379608	300.6969910
214.8213218	294.9075928
214.9046828	284.4100647
214.9880438	278.6995544
215.0714048	276.1181946
215.1547659	277.0523071
215.2381269	284.6460571
215.3214879	294.3605957
215.4048489	298.4382935
215.4882099	302.5394287
215.5715709	308.3053589
215.6549319	308.6848145
215.7382929	304.1909180
215.8216539	297.0074768
215.9050149	287.7362061
215.9883760	281.6382141
216.0717370	279.3515015
216.1550980	280.4537964
216.2384590	288.5436096
216.3218200	294.1212769
216.4051810	297.2004089
216.4885420	305.6371765
216.5719030	310.8096924
216.6552640	311.5353394
216.7386250	304.8880310
216.8219861	295.4027405
216.9053471	287.0332336
216.9887081	277.7661438
217.0720691	275.9385071
217.1554301	284.6041565
217.2387911	286.6768188
217.3221521	292.4678040
217.4055131	295.0122375
217.4888741	299.3522339
217.5722351	307.2294617
217.6555961	307.7771301
217.7389572	303.7188110
217.8223182	294.6965637
217.9056792	285.8979187
217.9890402	278.4881287
218.0724012	279.2114563
218.1557622	277.3360596
218.2391232	283.6886292
218.3224842	291.8080139
218.4058452	297.0551453
218.4892062	302.1211548
218.5725673	307.5729065
218.6559283	304.2048950
218.7392893	301.8190918
218.8226503	296.4591980
218.9060113	286.4871826
218.9893723	280.7699585
219.0727333	280.0254822
219.1560943	282.7593689
219.2394553	288.9346008
219.3228163	294.0244141
219.4061773	298.0526428
219.4895384	303.1724854
219.5728994	309.4839172
219.6562604	307.4066772
219.7396214	302.2050476
219.8229824	295.7573242
219.9063434	285.8515320
219.9897044	280.4844055
220.0730654	275.4814148
220.1564264	278.6331177
220.2397874	285.5039673
220.3231485	293.8713684
220.4065095	298.6436462
220.4898705	304.9407654
220.5732315	309.1022034
220.6565925	311.6315918
220.7399535	304.0169983
220.8233145	294.1738892
220.9066755	287.2933655
220.9900365	280.1871643
221.0733975	276.9425659
221.1567586	280.5744629
221.2401196	284.5200500
221.3234806	292.2007446
221.4068416	298.5821838
221.4902026	304.4743652
221.5735636	309.9819336
221.6569246	309.7014771
221.7402856	305.0971375
221.8236466	292.1801453
221.9070076	283.6076965
221.9903686	278.8940125
222.0737297	279.5685730
222.1570907	279.3203735
222.2404517	285.2885742
222.3238127	294.0887451
222.4071737	296.0339050
222.4905347	301.4080200
222.5738957	309.2182922
222.6572567	312.6541443
222.7406177	305.3950806
222.8239787	295.2680359
222.9073398	287.9830017
222.9907008	279.8173828
223.0740618	278.9328003
223.1574228	280.1958618
223.2407838	282.2566528
223.3241448	293.7719727
223.4075058	299.9808655
223.4908668	308.2985840
223.5742278	309.4609375
223.6575888	312.6947937
223.7409499	303.4937744
223.8243109	294.2718811
223.9076719	285.0362854
223.9910329	280.1417542
224.0743939	279.5045776
224.1577549	282.0943909
224.2411159	287.4842224
224.3244769	293.2173157
224.4078379	298.7665405
224.4911989	302.2937622
224.5745599	309.8758850
224.6579210	311.3577576
224.7412820	305.4811401
224.8246430	297.9931335
224.9080040	287.3714600
224.9913650	281.2515564
225.0747260	279.3173523
225.1580870	282.9632568
225.2414480	290.5088501
225.3248090	294.8191833
225.4081700	299.2658081
225.4915311	304.8324585
225.5748921	311.5574036
225.6582531	312.4315796
225.7416141	304.6974182
225.8249751	296.3960266
225.9083361	283.8129883
225.9916971	278.5155640
226.0750581	279.7521973
226.1584191	283.1186523
226.2417801	285.2582703
226.3251411	295.7597656
226.4085022	297.7653198
226.4918632	306.6152649
226.5752242	312.6659241
226.6585852	312.0110168
226.7419462	308.0988159
226.8253072	296.5558472
226.9086682	282.7154846
226.9920292	278.6049500
227.0753902	278.3016968
227.1587512	283.6047974
227.2421123	286.2330017
227.3254733	291.2958984
227.4088343	293.3979187
227.4921953	301.1690369
227.5755563	311.0715332
227.6589173	310.2522583
227.7422783	305.3209839
227.8256393	294.3139648
227.9090003	282.7481384
227.9923613	275.2384949
228.0757224	277.4198608
228.1590834	280.5340271
228.2424444	289.8363647
228.3258054	294.0972900
228.4091664	299.3521423
228.4925274	303.6310120
228.5758884	310.8833618
228.6592494	310.4302673
228.7426104	307.3359375
228.8259714	300.2086792
228.9093324	284.4349670
228.9926935	280.5304565
229.0760545	281.4985352
229.1594155	285.2419128
229.2427765	285.9252014
229.3261375	291.4822083
229.4094985	297.8980103
229.4928595	303.5551453
229.5762205	309.2971191
229.6595815	310.7389832
229.7429425	304.8131104
229.8263036	293.0914001
229.9096646	285.1060181
229.9930256	278.7900696
230.0763866	280.1390381
230.1597476	282.0480042
230.2431086	286.8155823
230.3264696	294.0317688
230.4098306	297.0844727
230.4931916	303.1305542
230.5765526	308.5717468
230.6599136	307.1869507
230.7432747	306.3028870
230.8266357	294.7914734
230.9099967	284.7454529
230.9933577	281.1188965
231.0767187	278.8843689
231.1600797	279.9699707
231.2434407	285.2712402
231.3268017	293.4505920
231.4101627	297.8998413
231.4935237	304.5719299
231.5768848	310.4662170
231.6602458	312.6716919
231.7436068	307.5665283
231.8269678	296.7793884
231.9103288	283.7758484
231.9936898	277.8883972
232.0770508	282.8625183
232.1604118	284.6450195
232.2437728	287.4822083
232.3271338	292.1786194
232.4104949	299.2503662
232.4938559	302.2207642
232.5772169	310.9530029
232.6605779	308.4971313
232.7439389	306.2381592
232.8272999	295.4643555
232.9106609	289.3955078
232.9940219	280.0794067
233.0773829	275.8252869
233.1607439	284.3805237
233.2441049	288.5397644
233.3274660	293.5829773
233.4108270	298.1800537
233.4941880	304.0070190
233.5775490	311.2360535
233.6609100	310.9865723
233.7442710	304.5346069
233.8276320	293.0003052
233.9109930	287.1510315
233.9943540	280.9370422
234.0777150	279.2493286
234.1610761	281.2082214
234.2444371	282.9327087
234.3277981	294.2796326
234.4111591	300.1110229
234.4945201	304.8161316
234.5778811	312.4800415
234.6612421	311.3465576
234.7446031	303.6206360
234.8279641	298.0252686
234.9113251	287.4401855
234.9946862	281.4032898
235.0780472	285.2056885
235.1614082	283.1059875
235.2447692	289.2707214
235.3281302	296.4845581
235.4114912	298.8354797
235.4948522	307.6219177
235.5782132	312.6948547
235.6615742	315.3694763
235.7449352	306.5998840
235.8282962	297.0249939
235.9116573	288.7119141
235.9950183	279.6644592
236.0783793	278.8009338
236.1617403	279.8136902
236.2451013	284.5769043
236.3284623	291.9233398
236.4118233	296.6180115
236.4951843	305.1078186
236.5785453	312.0180664
236.6619063	313.6183472
236.7452674	304.4530640
236.8286284	298.3940125
236.9119894	287.3019714
236.9953504	281.7336426
237.0787114	277.6192322
237.1620724	282.2211914
237.2454334	287.0188599
237.3287944	291.3238831
237.4121554	298.6665344
237.4955164	307.5349426
237.5788774	314.7861328
237.6622385	311.9401855
237.7455995	303.3888550
237.8289605	297.5914612
237.9123215	286.1959534
237.9956825	280.6193542
238.0790435	277.2276917
238.1624045	284.1778259
238.2457655	289.3746948
238.3291265	292.5970154
238.4124875	299.1893921
238.4958486	301.8733521
238.5792096	308.3560486
238.6625706	309.2829285
238.7459316	304.1926270
238.8292926	297.0633850
238.9126536	288.7722778
238.9960146	284.2566528
239.0793756	281.6728821
239.1627366	282.3257446
239.2460976	293.9038391
239.3294587	295.4122314
239.4128197	298.5237427
239.4961807	303.2734680
239.5795417	313.1177979
239.6629027	311.3739319
239.7462637	307.5911560
239.8296247	295.4817200
239.9129857	286.2116089
239.9963467	280.6122131
240.0797077	279.7678223
240.1630687	284.3870544
240.2464298	288.9281921
240.3297908	294.4098511
240.4131518	297.6720276
240.4965128	305.5509644
240.5798738	308.5999451
240.6632348	313.1405334
240.7465958	308.3597717
240.8299568	298.0692749
240.9133178	288.1913147
240.9966788	281.9006348
241.0800399	281.4504700
241.1634009	284.0938416
241.2467619	288.1392822
241.3301229	291.5573730
241.4134839	300.0324402
241.4968449	304.6168518
241.5802059	309.9731445
241.6635669	308.2219238
241.7469279	305.9718628
241.8302889	294.2426758
241.9136500	286.1387024
241.9970110	281.1157532
242.0803720	278.9594116
242.1637330	284.7687988
242.2470940	285.2850037
242.3304550	294.9783936
242.4138160	299.9743042
242.4971770	308.9411926
242.5805380	313.6700745
242.6638990	313.2909851
242.7472600	303.9015808
242.8306211	294.7618713
242.9139821	286.9744263
242.9973431	278.8161926
243.0807041	276.2833252
243.1640651	280.4180298
243.2474261	289.7638245
243.3307871	293.0052490
243.4141481	300.4796143
243.4975091	309.4161377
243.5808701	312.7937927
243.6642312	309.2273254
243.7475922	305.4941101
243.8309532	298.8839111
243.9143142	287.7479553
243.9976752	281.4288635
244.0810362	284.5795288
244.1643972	282.4366455
244.2477582	287.1737061
244.3311192	292.9814453
244.4144802	296.2954712
244.4978412	303.0886536
244.5812023	313.4316711
244.6645633	309.1738586
244.7479243	303.9441833
244.8312853	299.6867981
244.9146463	287.5081787
244.9980073	282.0171814
245.0813683	280.4619751
245.1647293	280.5488892
245.2480903	288.6162109
245.3314513	294.6772461
245.4148124	298.2550354
245.4981734	304.1351624
245.5815344	312.4986877
245.6648954	312.9927673
245.7482564	308.7953186
245.8316174	295.6253052
245.9149784	287.7371521
245.9983394	282.1225281
246.0817004	276.9151306
246.1650614	282.0669861
246.2484225	287.8312073
246.3317835	294.6315613
246.4151445	301.0562134
246.4985055	303.6392517
246.5818665	309.3856201
246.6652275	311.4753113
246.7485885	304.3906860
246.8319495	297.3018188
246.9153105	285.9337463
246.9986715	279.4727478
247.0820325	281.2615662
247.1653936	280.9028625
247.2487546	286.7142029
247.3321156	295.0454407
247.4154766	299.0286560
247.4988376	302.5233154
247.5821986	307.5288696
247.6655596	309.9094543
247.7489206	306.1871948
247.8322816	295.6366577
247.9156426	285.0974426
247.9990037	279.9563904
248.0823647	280.5362244
248.1657257	283.9323120
248.2490867	287.0184021
248.3324477	295.0398865
248.4158087	297.8632202
248.4991697	305.7936401
248.5825307	311.3588867
248.6658917	311.7809448
248.7492527	307.9671021
248.8326137	299.4575500
248.9159748	288.7712402
248.9993358	282.6582947
249.0826968	285.0849609
249.1660578	285.4172668
249.2494188	289.7133179
249.3327798	294.0704041
249.4161408	298.2010803
249.4995018	305.9920654
249.5828628	312.7412415
249.6662238	311.0948792
249.7495849	303.1989746
249.8329459	295.8328247
249.9163069	288.8647461
249.9996679	281.3216553
250.0830289	282.0996704
250.1663899	277.5988770
250.2497509	284.4335632
250.3331119	293.2973022
250.4164729	300.6903687
250.4998339	305.1983948
250.5831950	312.9842529
250.6665560	313.3292847
250.7499170	306.6872559
250.8332780	293.9710999
250.9166390	288.0082092
251.0000000	281.1539917
