# time(yr)	moisture(mm/m)
0.0000000	0.2417552
0.0833610	0.2494997
0.1667220	0.2354700
0.2500830	0.2163846
0.3334440	0.2545717
0.4168050	0.2237298
0.5001661	0.1676732
0.5835271	0.1426900
0.6668881	0.1472421
0.7502491	0.1863713
0.8336101	0.2331061
0.9169711	0.2283537
1.0003321	0.2407528
1.0836931	0.2540508
1.1670541	0.2321843
1.2504151	0.1960305
1.3337762	0.1574660
1.4171372	0.1304897
1.5004982	0.1532579
1.5838592	0.1538307
1.6672202	0.1331343
1.7505812	0.2318469
1.8339422	0.2449468
1.9173032	0.2653208
2.0006642	0.2579360
2.0840252	0.2615314
2.1673863	0.2618928
2.2507473	0.2353521
2.3341083	0.2234499
2.4174693	0.2085221
2.5008303	0.1704648
2.5841913	0.1478675
2.6675523	0.2028332
2.7509133	0.2277781
2.8342743	0.2389265
2.9176353	0.2551594
3.0009963	0.2655512
3.0843574	0.2421964
3.1677184	0.2411540
3.2510794	0.2624281
3.3344404	0.2466146
3.4178014	0.2112480
3.5011624	0.2313435
3.5845234	0.1655369
3.6678844	0.1514432
3.7512454	0.1525250
3.8346064	0.2382984
3.9179675	0.2417526
4.0013285	0.2392060
4.0846895	0.2413559
4.1680505	0.2650838
4.2514115	0.2284733
4.3347725	0.2204290
4.4181335	0.2367829
4.5014945	0.1854881
4.5848555	0.1492166
4.6682165	0.2105873
4.7515775	0.2266099
4.8349386	0.2227077
4.9182996	0.2196657
5.0016606	0.2264725
5.0850216	0.2127618
5.1683826	0.2106578
5.2517436	0.1647553
5.3351046	0.1399177
5.4184656	0.2147186
5.5018266	0.2576456
5.5851876	0.1579054
5.6685487	0.1343194
5.7519097	0.2354470
5.8352707	0.2575160
5.9186317	0.2770759
6.0019927	0.2964485
6.0853537	0.3892440
6.1687147	0.3022127
6.2520757	0.2786723
6.3354367	0.2735032
6.4187977	0.2228813
6.5021588	0.1584071
6.5855198	0.1355690
6.6688808	0.1700607
6.7522418	0.1703291
6.8356028	0.1797008
6.9189638	0.1741129
7.0023248	0.1829284
7.0856858	0.1948686
7.1690468	0.2207449
7.2524078	0.1735649
7.3357688	0.1454468
7.4191299	0.1327441
7.5024909	0.1385921
7.5858519	0.1453058
7.6692129	0.1520390
7.7525739	0.1575997
7.8359349	0.1982600
7.9192959	0.2064896
8.0026569	0.2253965
8.0860179	0.2426566
8.1693789	0.2575877
8.2527400	0.2346449
8.3361010	0.2076852
8.4194620	0.1587273
8.5028230	0.1575979
8.5861840	0.1356773
8.6695450	0.1840588
8.7529060	0.2150617
8.8362670	0.2350792
8.9196280	0.2749602
9.0029890	0.2670918
9.0863500	0.2728443
9.1697111	0.2478607
9.2530721	0.2289951
9.3364331	0.2401322
9.4197941	0.2113829
9.5031551	0.1687660
9.5865161	0.1428858
9.6698771	0.1341524
9.7532381	0.1619723
9.8365991	0.1991577
9.9199601	0.2282899
10.0033212	0.2211762
10.0866822	0.2133110
10.1700432	0.2300469
10.2534042	0.2041411
10.3367652	0.1677094
10.4201262	0.1283866
10.5034872	0.1268849
10.5868482	0.1322471
10.6702092	0.2160954
10.7535702	0.1799443
10.8369313	0.1631827
10.9202923	0.1744471
11.0036533	0.1893911
11.0870143	0.2227039
11.1703753	0.2214793
11.2537363	0.1910167
11.3370973	0.1800971
11.4204583	0.1605167
11.5038193	0.1393502
11.5871803	0.1710411
11.6705413	0.1770582
11.7539024	0.2212269
11.8372634	0.1945290
11.9206244	0.1951566
12.0039854	0.2109660
12.0873464	0.2175777
12.1707074	0.2020753
12.2540684	0.2273527
12.3374294	0.1998640
12.4207904	0.1624458
12.5041514	0.1847229
12.5875125	0.1949869
12.6708735	0.1577707
12.7542345	0.1896553
12.8375955	0.2512940
12.9209565	0.2388195
13.0043175	0.2637138
13.0876785	0.2664656
13.1710395	0.2672562
13.2544005	0.2530824
13.3377615	0.2076402
13.4211226	0.1579551
13.5044836	0.1403142
13.5878446	0.1298229
13.6712056	0.1663049
13.7545666	0.1747591
13.8379276	0.1555477
13.9212886	0.1562877
14.0046496	0.1599294
14.0880106	0.1738102
14.1713716	0.1872429
14.2547326	0.1956048
14.3380937	0.1932905
14.4214547	0.1296816
14.5048157	0.1278016
14.5881767	0.1330969
14.6715377	0.1623726
14.7548987	0.1815631
14.8382597	0.1945006
14.9216207	0.1899314
15.0049817	0.2128341
15.0883427	0.2236564
15.1717038	0.2394637
15.2550648	0.2326809
15.3384258	0.2162900
15.4217868	0.1844772
15.5051478	0.1505538
15.5885088	0.1383328
15.6718698	0.1844818
15.7552308	0.1964638
15.8385918	0.2026077
15.9219528	0.2154576
16.0053138	0.2378212
16.0886749	0.2385994
16.1720359	0.2337319
16.2553969	0.2454255
16.3387579	0.2263235
16.4221189	0.2028872
16.5054799	0.1369279
16.5888409	0.1286732
16.6722019	0.1424785
16.7555629	0.1728201
16.8389239	0.1984807
16.9222850	0.2339773
17.0056460	0.2320608
17.0890070	0.2311895
17.1723680	0.2359618
17.2557290	0.2451076
17.3390900	0.2352814
17.4224510	0.2711836
17.5058120	0.2210563
17.5891730	0.2020513
17.6725340	0.1663004
17.7558951	0.1497850
17.8392561	0.2075281
17.9226171	0.2619539
18.0059781	0.2493377
18.0893391	0.2355135
18.1727001	0.2516584
18.2560611	0.2571421
18.3394221	0.2512291
18.4227831	0.2615585
18.5061441	0.2010853
18.5895051	0.1539534
18.6728662	0.2260557
18.7562272	0.2624139
18.8395882	0.2464201
18.9229492	0.2441278
19.0063102	0.2743913
19.0896712	0.2830468
19.1730322	0.2515663
19.2563932	0.2276864
19.3397542	0.2043770
19.4231152	0.1984248
19.5064763	0.2008469
19.5898373	0.1800564
19.6731983	0.1634675
19.7565593	0.1718180
19.8399203	0.2160596
19.9232813	0.2442801
20.0066423	0.2364493
20.0900033	0.2327177
20.1733643	0.2218267
20.2567253	0.2385055
20.3400864	0.2497084
20.4234474	0.2123560
20.5068084	0.1619489
20.5901694	0.1365916
20.6735304	0.1350064
20.7568914	0.1452394
20.8402524	0.1604956
20.9236134	0.1831665
21.0069744	0.2466261
21.0903354	0.2515016
21.1736964	0.2605238
21.2570575	0.2329965
21.3404185	0.1878425
21.4237795	0.1585941
21.5071405	0.2103927
21.5905015	0.1554183
21.6738625	0.1565528
21.7572235	0.2299052
21.8405845	0.2686887
21.9239455	0.2671069
22.0073065	0.2430595
22.0906676	0.2363390
22.1740286	0.2399922
22.2573896	0.2128714
22.3407506	0.1724662
22.4241116	0.1425236
22.5074726	0.1347447
22.5908336	0.1484507
22.6741946	0.1823380
22.7575556	0.2035970
22.8409166	0.2320853
22.9242776	0.2295709
23.0076387	0.2439088
23.0909997	0.2529111
23.1743607	0.2395070
23.2577217	0.2706332
23.3410827	0.2323273
23.4244437	0.1708760
23.5078047	0.1277066
23.5911657	0.1461865
23.6745267	0.2177396
23.7578877	0.2847429
23.8412488	0.2534498
23.9246098	0.2570484
24.0079708	0.2517942
24.0913318	0.2689455
24.1746928	0.2467415
24.2580538	0.2713656
24.3414148	0.2495106
24.4247758	0.1756000
24.5081368	0.1440423
24.5914978	0.1305722
24.6748589	0.1371262
24.7582199	0.1565747
24.8415809	0.1637191
24.9249419	0.1684467
25.0083029	0.2008275
25.0916639	0.2068578
25.1750249	0.2351329
25.2583859	0.2400130
25.3417469	0.1749638
25.4251079	0.1424324
25.5084689	0.1285704
25.5918300	0.1394182
25.6751910	0.1931813
25.7585520	0.2119192
25.8419130	0.2444215
25.9252740	0.2322291
26.0086350	0.2328206
26.0919960	0.2348226
26.1753570	0.2442456
26.2587180	0.2323951
26.3420790	0.2437901
26.4254401	0.2398115
26.5088011	0.1979658
26.5921621	0.1693794
26.6755231	0.1997383
26.7588841	0.2045261
26.8422451	0.2137192
26.9256061	0.2353404
27.0089671	0.2765573
27.0923281	0.2989147
27.1756891	0.2888611
27.2590501	0.2621211
27.3424112	0.2552346
27.4257722	0.2776680
27.5091332	0.1951835
27.5924942	0.1371882
27.6758552	0.1521164
27.7592162	0.1917923
27.8425772	0.2058380
27.9259382	0.2101382
28.0092992	0.2075857
28.0926602	0.2163465
28.1760213	0.2132421
28.2593823	0.2094666
28.3427433	0.1858672
28.4261043	0.1373459
28.5094653	0.1318250
28.5928263	0.1418606
28.6761873	0.1761356
28.7595483	0.1484367
28.8429093	0.1984417
28.9262703	0.2112382
29.0096314	0.2253667
29.0929924	0.2446635
29.1763534	0.2483941
29.2597144	0.2259444
29.3430754	0.1849525
29.4264364	0.1689802
29.5097974	0.1325760
29.5931584	0.1767334
29.6765194	0.1869393
29.7598804	0.1860985
29.8432414	0.1804507
29.9266025	0.2222370
30.0099635	0.2313432
30.0933245	0.2330826
30.1766855	0.2503302
30.2600465	0.2281601
30.3434075	0.2879892
30.4267685	0.2676201
30.5101295	0.2147241
30.5934905	0.1912336
30.6768515	0.1869625
30.7602126	0.2322360
30.8435736	0.2371259
30.9269346	0.2754123
31.0102956	0.2487838
31.0936566	0.2535586
31.1770176	0.2781355
31.2603786	0.2500284
31.3437396	0.2267641
31.4271006	0.2174216
31.5104616	0.1773861
31.5938227	0.1416193
31.6771837	0.1632764
31.7605447	0.1926702
31.8439057	0.2346745
31.9272667	0.2571135
32.0106277	0.2583287
32.0939887	0.2579776
32.1773497	0.2757025
32.2607107	0.2410399
32.3440717	0.2000041
32.4274327	0.1760999
32.5107938	0.1455166
32.5941548	0.1342107
32.6775158	0.1529602
32.7608768	0.1582560
32.8442378	0.1665090
32.9275988	0.2477999
33.0109598	0.2518294
33.0943208	0.2436833
33.1776818	0.2430642
33.2610428	0.2209298
33.3444039	0.1974280
33.4277649	0.1742102
33.5111259	0.1446885
33.5944869	0.1322383
33.6778479	0.1914480
33.7612089	0.2481276
33.8445699	0.2491093
33.9279309	0.2627534
34.0112919	0.2666940
34.0946529	0.2993644
34.1780139	0.2759859
34.2613750	0.2630938
34.3447360	0.2424346
34.4280970	0.2205864
34.5114580	0.1462541
34.5948190	0.1288026
34.6781800	0.1356059
34.7615410	0.2220767
34.8449020	0.2625197
34.9282630	0.2530837
35.0116240	0.2855295
35.0949851	0.3085135
35.1783461	0.2656693
35.2617071	0.2573465
35.3450681	0.2391926
35.4284291	0.2584911
35.5117901	0.2385323
35.5951511	0.2423095
35.6785121	0.2064935
35.7618731	0.2016418
35.8452341	0.2550892
35.9285952	0.2468140
36.0119562	0.2670520
36.0953172	0.2737823
36.1786782	0.2513691
36.2620392	0.2124002
36.3454002	0.1831108
36.4287612	0.1553113
36.5121222	0.1365815
36.5954832	0.1345634
36.6788442	0.2053618
36.7622052	0.1968969
36.8455663	0.2207436
36.9289273	0.2079622
37.0122883	0.2304766
37.0956493	0.2539017
37.1790103	0.2514634
37.2623713	0.2583261
37.3457323	0.2676259
37.4290933	0.2047143
37.5124543	0.1535405
37.5958153	0.1402177
37.6791764	0.1724695
37.7625374	0.2092876
37.8458984	0.2159155
37.9292594	0.2435204
38.0126204	0.2542449
38.0959814	0.2519334
38.1793424	0.2792251
38.2627034	0.2508684
38.3460644	0.2307629
38.4294254	0.2255790
38.5127864	0.1811734
38.5961475	0.1522636
38.6795085	0.2301444
38.7628695	0.2800020
38.8462305	0.2641542
38.9295915	0.2612157
39.0129525	0.2517293
39.0963135	0.2442174
39.1796745	0.2245446
39.2630355	0.2144525
39.3463965	0.2019745
39.4297576	0.1854501
39.5131186	0.1434548
39.5964796	0.1311276
39.6798406	0.1749925
39.7632016	0.2089854
39.8465626	0.2240355
39.9299236	0.2508392
40.0132846	0.2996601
40.0966456	0.3093131
40.1800066	0.2884795
40.2633677	0.2364263
40.3467287	0.2271613
40.4300897	0.1983318
40.5134507	0.1311475
40.5968117	0.1467360
40.6801727	0.1837461
40.7635337	0.2437143
40.8468947	0.2436595
40.9302557	0.2341711
41.0136167	0.2364781
41.0969777	0.2403426
41.1803388	0.2569512
41.2636998	0.2229068
41.3470608	0.2421979
41.4304218	0.2474004
41.5137828	0.2098448
41.5971438	0.1626895
41.6805048	0.1448611
41.7638658	0.1653739
41.8472268	0.2075827
41.9305878	0.2500199
42.0139489	0.2485952
42.0973099	0.2704915
42.1806709	0.2680570
42.2640319	0.2750014
42.3473929	0.2490922
42.4307539	0.1883102
42.5141149	0.1395816
42.5974759	0.1572113
42.6808369	0.1907315
42.7641979	0.1777548
42.8475590	0.1736302
42.9309200	0.2090831
43.0142810	0.2020306
43.0976420	0.2051652
43.1810030	0.2241430
43.2643640	0.2089910
43.3477250	0.2355981
43.4310860	0.2491121
43.5144470	0.1882786
43.5978080	0.1916898
43.6811690	0.1707541
43.7645301	0.2279868
43.8478911	0.2294773
43.9312521	0.2753480
44.0146131	0.2954721
44.0979741	0.2532288
44.1813351	0.2434463
44.2646961	0.2371639
44.3480571	0.2120664
44.4314181	0.2004439
44.5147791	0.1411721
44.5981402	0.1303357
44.6815012	0.1351882
44.7648622	0.1783926
44.8482232	0.2022032
44.9315842	0.2416576
45.0149452	0.2459678
45.0983062	0.2369677
45.1816672	0.2409191
45.2650282	0.2140018
45.3483892	0.1821008
45.4317502	0.1420934
45.5151113	0.1263319
45.5984723	0.1325663
45.6818333	0.1456257
45.7651943	0.1801561
45.8485553	0.2042981
45.9319163	0.2136295
46.0152773	0.2171333
46.0986383	0.2137214
46.1819993	0.2468771
46.2653603	0.2163408
46.3487214	0.2458412
46.4320824	0.1975406
46.5154434	0.1488574
46.5988044	0.1339242
46.6821654	0.2139463
46.7655264	0.2597231
46.8488874	0.2590268
46.9322484	0.2577633
47.0156094	0.2890875
47.0989704	0.3505960
47.1823315	0.2657138
47.2656925	0.2659470
47.3490535	0.2290687
47.4324145	0.2001574
47.5157755	0.1848190
47.5991365	0.1794154
47.6824975	0.1889816
47.7658585	0.2112137
47.8492195	0.2207464
47.9325805	0.2393899
48.0159415	0.2706083
48.0993026	0.2582234
48.1826636	0.2477798
48.2660246	0.2194478
48.3493856	0.2125666
48.4327466	0.1758061
48.5161076	0.1461860
48.5994686	0.1349486
48.6828296	0.1437256
48.7661906	0.1959614
48.8495516	0.2503056
48.9329127	0.2554593
49.0162737	0.2428340
49.0996347	0.2450667
49.1829957	0.2669192
49.2663567	0.2466016
49.3497177	0.1970805
49.4330787	0.1590127
49.5164397	0.1328320
49.5998007	0.1347465
49.6831617	0.2429473
49.7665227	0.1882163
49.8498838	0.1975022
49.9332448	0.2331577
50.0166058	0.2580505
50.0999668	0.2643839
50.1833278	0.2447275
50.2666888	0.2517897
50.3500498	0.2220742
50.4334108	0.2224460
50.5167718	0.2052563
50.6001328	0.1624463
50.6834939	0.1505325
50.7668549	0.1493151
50.8502159	0.1718451
50.9335769	0.2283572
51.0169379	0.2564482
51.1002989	0.2723290
51.1836599	0.2710567
51.2670209	0.2527950
51.3503819	0.1959535
51.4337429	0.1825446
51.5171040	0.1455980
51.6004650	0.1333526
51.6838260	0.1761263
51.7671870	0.2123189
51.8505480	0.2523556
51.9339090	0.2655434
52.0172700	0.2539825
52.1006310	0.2550238
52.1839920	0.2776060
52.2673530	0.2831566
52.3507140	0.2564941
52.4340751	0.2783314
52.5174361	0.2263975
52.6007971	0.1641845
52.6841581	0.1537669
52.7675191	0.1679396
52.8508801	0.1993154
52.9342411	0.2408465
53.0176021	0.2454609
53.1009631	0.2368473
53.1843241	0.2495669
53.2676852	0.2480339
53.3510462	0.2526796
53.4344072	0.1953891
53.5177682	0.1470931
53.6011292	0.1466877
53.6844902	0.1791743
53.7678512	0.1918820
53.8512122	0.2230751
53.9345732	0.2307695
54.0179342	0.2409343
54.1012953	0.2753797
54.1846563	0.2474506
54.2680173	0.2495284
54.3513783	0.1918756
54.4347393	0.1472520
54.5181003	0.1331752
54.6014613	0.1311923
54.6848223	0.1645705
54.7681833	0.1729936
54.8515443	0.1831716
54.9349053	0.1749897
55.0182664	0.1876460
55.1016274	0.2232132
55.1849884	0.2615212
55.2683494	0.2826098
55.3517104	0.2748187
55.4350714	0.2335177
55.5184324	0.1772173
55.6017934	0.1726704
55.6851544	0.1883594
55.7685154	0.2694191
55.8518765	0.2677453
55.9352375	0.2639204
56.0185985	0.2609698
56.1019595	0.2664021
56.1853205	0.2624124
56.2686815	0.2397697
56.3520425	0.2152674
56.4354035	0.1813978
56.5187645	0.1723248
56.6021255	0.1681832
56.6854865	0.2231742
56.7688476	0.1896735
56.8522086	0.2197383
56.9355696	0.2318419
57.0189306	0.2407735
57.1022916	0.2302651
57.1856526	0.2122067
57.2690136	0.1985962
57.3523746	0.1866832
57.4357356	0.2055094
57.5190966	0.1928303
57.6024577	0.1515989
57.6858187	0.2122529
57.7691797	0.2134200
57.8525407	0.2893210
57.9359017	0.2695055
58.0192627	0.2597934
58.1026237	0.2788005
58.1859847	0.2627681
58.2693457	0.2558042
58.3527067	0.2333463
58.4360678	0.1939825
58.5194288	0.1681118
58.6027898	0.1585193
58.6861508	0.1568962
58.7695118	0.2365460
58.8528728	0.2727902
58.9362338	0.2539215
59.0195948	0.2541125
59.1029558	0.2729019
59.1863168	0.2383545
59.2696778	0.2324647
59.3530389	0.2371764
59.4363999	0.1676872
59.5197609	0.1397144
59.6031219	0.1340496
59.6864829	0.1568188
59.7698439	0.1612735
59.8532049	0.2050629
59.9365659	0.2129792
60.0199269	0.2463206
60.1032879	0.2716056
60.1866490	0.2329872
60.2700100	0.2318020
60.3533710	0.2151028
60.4367320	0.1970300
60.5200930	0.1520321
60.6034540	0.1332551
60.6868150	0.1367822
60.7701760	0.2021765
60.8535370	0.2542112
60.9368980	0.2643006
61.0202591	0.2579617
61.1036201	0.2523033
61.1869811	0.2501726
61.2703421	0.2371797
61.3537031	0.1952346
61.4370641	0.2141832
61.5204251	0.1653816
61.6037861	0.1513342
61.6871471	0.1427125
61.7705081	0.1574251
61.8538691	0.1773960
61.9372302	0.1980305
62.0205912	0.2484888
62.1039522	0.2554883
62.1873132	0.2638079
62.2706742	0.2444876
62.3540352	0.2613922
62.4373962	0.2077783
62.5207572	0.1412085
62.6041182	0.1339288
62.6874792	0.1424128
62.7708403	0.1747541
62.8542013	0.1883168
62.9375623	0.2093336
63.0209233	0.2287500
63.1042843	0.2358052
63.1876453	0.2468773
63.2710063	0.2144187
63.3543673	0.1819729
63.4377283	0.1819044
63.5210893	0.1691094
63.6044503	0.1663465
63.6878114	0.2201825
63.7711724	0.1806882
63.8545334	0.1812906
63.9378944	0.1879143
64.0212554	0.2583655
64.1046164	0.2457728
64.1879774	0.2293203
64.2713384	0.2114930
64.3546994	0.2021472
64.4380604	0.1936325
64.5214215	0.1514810
64.6047825	0.1325534
64.6881435	0.1967629
64.7715045	0.2152249
64.8548655	0.2711599
64.9382265	0.2765791
65.0215875	0.2592472
65.1049485	0.2538547
65.1883095	0.2414894
65.2716705	0.2222867
65.3550316	0.2323815
65.4383926	0.2172688
65.5217536	0.1600311
65.6051146	0.1442917
65.6884756	0.1406800
65.7718366	0.2205991
65.8551976	0.2526959
65.9385586	0.2736815
66.0219196	0.2665021
66.1052806	0.2559277
66.1886416	0.2586590
66.2720027	0.2930987
66.3553637	0.2552488
66.4387247	0.2289121
66.5220857	0.2049525
66.6054467	0.1803815
66.6888077	0.1988289
66.7721687	0.2595564
66.8555297	0.2370201
66.9388907	0.2386329
67.0222517	0.2542576
67.1056128	0.2588695
67.1889738	0.2580152
67.2723348	0.2518123
67.3556958	0.2729531
67.4390568	0.2195951
67.5224178	0.1776536
67.6057788	0.1533304
67.6891398	0.1423499
67.7725008	0.2051633
67.8558618	0.2268928
67.9392228	0.2247410
68.0225839	0.2428984
68.1059449	0.2579135
68.1893059	0.2352346
68.2726669	0.2389817
68.3560279	0.2593538
68.4393889	0.2165641
68.5227499	0.1826014
68.6061109	0.1539354
68.6894719	0.1874485
68.7728329	0.2699214
68.8561940	0.2547884
68.9395550	0.2622251
69.0229160	0.2700476
69.1062770	0.2596979
69.1896380	0.2762032
69.2729990	0.2648400
69.3563600	0.2211544
69.4397210	0.2053901
69.5230820	0.1840292
69.6064430	0.1491601
69.6898041	0.1558879
69.7731651	0.2584490
69.8565261	0.2785114
69.9398871	0.2709767
70.0232481	0.2755277
70.1066091	0.2862031
70.1899701	0.2725124
70.2733311	0.2923010
70.3566921	0.2607858
70.4400531	0.2050052
70.5234141	0.2002470
70.6067752	0.1591005
70.6901362	0.2389320
70.7734972	0.2011761
70.8568582	0.1932238
70.9402192	0.2279139
71.0235802	0.2311546
71.1069412	0.2222127
71.1903022	0.2233877
71.2736632	0.2495926
71.3570242	0.2225099
71.4403853	0.2219530
71.5237463	0.2016912
71.6071073	0.1721729
71.6904683	0.1537380
71.7738293	0.1561905
71.8571903	0.1766661
71.9405513	0.1861015
72.0239123	0.2169819
72.1072733	0.2685190
72.1906343	0.2711795
72.2739954	0.2517003
72.3573564	0.2228133
72.4407174	0.1958667
72.5240784	0.1562384
72.6074394	0.1442839
72.6908004	0.1533292
72.7741614	0.2055134
72.8575224	0.2389703
72.9408834	0.2570740
73.0242444	0.2740598
73.1076054	0.2864119
73.1909665	0.2508501
73.2743275	0.2640166
73.3576885	0.2194287
73.4410495	0.1890335
73.5244105	0.1528580
73.6077715	0.1406938
73.6911325	0.1399143
73.7744935	0.2341984
73.8578545	0.2298371
73.9412155	0.2563885
74.0245766	0.2885347
74.1079376	0.2824935
74.1912986	0.2750933
74.2746596	0.2903503
74.3580206	0.2632705
74.4413816	0.2211300
74.5247426	0.1600361
74.6081036	0.1986132
74.6914646	0.1662146
74.7748256	0.2059296
74.8581866	0.2256422
74.9415477	0.2684613
75.0249087	0.2698911
75.1082697	0.2586359
75.1916307	0.2485499
75.2749917	0.2259202
75.3583527	0.2006509
75.4417137	0.1959599
75.5250747	0.1691179
75.6084357	0.1528939
75.6917967	0.1726234
75.7751578	0.1991161
75.8585188	0.1845329
75.9418798	0.2201444
76.0252408	0.2496052
76.1086018	0.2557189
76.1919628	0.2473487
76.2753238	0.2195369
76.3586848	0.2596024
76.4420458	0.2328821
76.5254068	0.1770902
76.6087679	0.1510496
76.6921289	0.1556215
76.7754899	0.2201193
76.8588509	0.2367838
76.9422119	0.2551142
77.0255729	0.2585735
77.1089339	0.2517259
77.1922949	0.2798969
77.2756559	0.2608418
77.3590169	0.2509031
77.4423779	0.2049224
77.5257390	0.1654581
77.6091000	0.1445329
77.6924610	0.1680507
77.7758220	0.2583592
77.8591830	0.2395031
77.9425440	0.2827305
78.0259050	0.2640904
78.1092660	0.2620629
78.1926270	0.2466128
78.2759880	0.2191934
78.3593491	0.2013675
78.4427101	0.1887826
78.5260711	0.1521255
78.6094321	0.1389719
78.6927931	0.1730585
78.7761541	0.1895613
78.8595151	0.2026199
78.9428761	0.2119769
79.0262371	0.2462704
79.1095981	0.2273426
79.1929591	0.2135040
79.2763202	0.2236744
79.3596812	0.1879366
79.4430422	0.1474437
79.5264032	0.1344975
79.6097642	0.1440546
79.6931252	0.1473258
79.7764862	0.2298540
79.8598472	0.2348230
79.9432082	0.2394657
80.0265692	0.2629562
80.1099303	0.2803743
80.1932913	0.2675342
80.2766523	0.2334555
80.3600133	0.1924303
80.4433743	0.2540849
80.5267353	0.2127743
80.6100963	0.1662990
80.6934573	0.1839334
80.7768183	0.2101899
80.8601793	0.2433760
80.9435404	0.2415112
81.0269014	0.2621893
81.1102624	0.2849499
81.1936234	0.2451653
81.2769844	0.2151426
81.3603454	0.1822888
81.4437064	0.1456932
81.5270674	0.1340775
81.6104284	0.1320200
81.6937894	0.1562795
81.7771504	0.2039089
81.8605115	0.2149533
81.9438725	0.2231127
82.0272335	0.2246371
82.1105945	0.2482857
82.1939555	0.2483846
82.2773165	0.2114496
82.3606775	0.1962589
82.4440385	0.1983371
82.5273995	0.1633438
82.6107605	0.1436255
82.6941216	0.1373471
82.7774826	0.1557245
82.8608436	0.1844496
82.9442046	0.2101908
83.0275656	0.2312069
83.1109266	0.2661732
83.1942876	0.2593203
83.2776486	0.2522674
83.3610096	0.1936551
83.4443706	0.1690777
83.5277317	0.1793087
83.6110927	0.1944753
83.6944537	0.1597997
83.7778147	0.2171783
83.8611757	0.2347995
83.9445367	0.2509540
84.0278977	0.2610284
84.1112587	0.2517387
84.1946197	0.2578776
84.2779807	0.2781500
84.3613417	0.2742204
84.4447028	0.2152586
84.5280638	0.1708004
84.6114248	0.1788925
84.6947858	0.1650989
84.7781468	0.2750669
84.8615078	0.2668057
84.9448688	0.2756154
85.0282298	0.2513545
85.1115908	0.2594907
85.1949518	0.2845271
85.2783129	0.2545274
85.3616739	0.2292507
85.4450349	0.2037222
85.5283959	0.1744955
85.6117569	0.1516463
85.6951179	0.1560816
85.7784789	0.1478267
85.8618399	0.2493244
85.9452009	0.2349628
86.0285619	0.2470923
86.1119229	0.2303494
86.1952840	0.2177890
86.2786450	0.1913470
86.3620060	0.1482949
86.4453670	0.1363813
86.5287280	0.1340727
86.6120890	0.1520065
86.6954500	0.2299355
86.7788110	0.2044490
86.8621720	0.2462634
86.9455330	0.2637095
87.0288941	0.2659648
87.1122551	0.2637033
87.1956161	0.2619739
87.2789771	0.2444188
87.3623381	0.2244556
87.4456991	0.1955780
87.5290601	0.1659963
87.6124211	0.1532852
87.6957821	0.1408358
87.7791431	0.1499092
87.8625042	0.1567689
87.9458652	0.1873900
88.0292262	0.2470838
88.1125872	0.2400105
88.1959482	0.2239602
88.2793092	0.2345321
88.3626702	0.1726414
88.4460312	0.1424812
88.5293922	0.1315736
88.6127532	0.1369042
88.6961142	0.1611498
88.7794753	0.2237582
88.8628363	0.2854407
88.9461973	0.2554271
89.0295583	0.2484634
89.1129193	0.2542462
89.1962803	0.2415971
89.2796413	0.2272080
89.3630023	0.2153550
89.4463633	0.2180780
89.5297243	0.2065348
89.6130854	0.1672048
89.6964464	0.1715847
89.7798074	0.2261363
89.8631684	0.2734685
89.9465294	0.2732277
90.0298904	0.2737469
90.1132514	0.2731612
90.1966124	0.2661728
90.2799734	0.2543902
90.3633344	0.2531849
90.4466955	0.2301101
90.5300565	0.1853357
90.6134175	0.1584718
90.6967785	0.1776772
90.7801395	0.1655181
90.8635005	0.2061707
90.9468615	0.2176926
91.0302225	0.2442257
91.1135835	0.2580388
91.1969445	0.2445444
91.2803055	0.2174018
91.3636666	0.1757794
91.4470276	0.1710671
91.5303886	0.1399929
91.6137496	0.1364772
91.6971106	0.1715657
91.7804716	0.2259231
91.8638326	0.2080788
91.9471936	0.2571353
92.0305546	0.2444600
92.1139156	0.2375399
92.1972767	0.2378542
92.2806377	0.2685810
92.3639987	0.2553063
92.4473597	0.2484133
92.5307207	0.2090572
92.6140817	0.1715937
92.6974427	0.1617819
92.7808037	0.2852515
92.8641647	0.2611020
92.9475257	0.2648022
93.0308867	0.2494529
93.1142478	0.2590189
93.1976088	0.2750059
93.2809698	0.2569187
93.3643308	0.2179835
93.4476918	0.2054955
93.5310528	0.1686590
93.6144138	0.1731462
93.6977748	0.2231103
93.7811358	0.2065666
93.8644968	0.2471660
93.9478579	0.2336863
94.0312189	0.2304762
94.1145799	0.2176547
94.1979409	0.2147156
94.2813019	0.2512978
94.3646629	0.2412956
94.4480239	0.1882900
94.5313849	0.1601757
94.6147459	0.1436791
94.6981069	0.1821047
94.7814680	0.2077029
94.8648290	0.2628312
94.9481900	0.2586549
95.0315510	0.2695974
95.1149120	0.2833563
95.1982730	0.2696805
95.2816340	0.2944545
95.3649950	0.2458956
95.4483560	0.2215918
95.5317170	0.1944894
95.6150780	0.1770595
95.6984391	0.1934108
95.7818001	0.2271729
95.8651611	0.2736981
95.9485221	0.2584649
96.0318831	0.2688027
96.1152441	0.2661553
96.1986051	0.2794112
96.2819661	0.2565931
96.3653271	0.2391222
96.4486881	0.2026883
96.5320492	0.1784973
96.6154102	0.1741903
96.6987712	0.1696476
96.7821322	0.2567913
96.8654932	0.2294880
96.9488542	0.2516835
97.0322152	0.2652290
97.1155762	0.2901145
97.1989372	0.2599472
97.2822982	0.2556435
97.3656592	0.2138585
97.4490203	0.1708597
97.5323813	0.1508759
97.6157423	0.1432901
97.6991033	0.2056676
97.7824643	0.1731064
97.8658253	0.2273916
97.9491863	0.2481075
98.0325473	0.2374655
98.1159083	0.2642626
98.1992693	0.2484102
98.2826304	0.2188277
98.3659914	0.1739014
98.4493524	0.1585585
98.5327134	0.1451120
98.6160744	0.1364629
98.6994354	0.1395199
98.7827964	0.1785600
98.8661574	0.2351968
98.9495184	0.2630367
99.0328794	0.2573003
99.1162405	0.2624997
99.1996015	0.2661907
99.2829625	0.2401706
99.3663235	0.2414062
99.4496845	0.2397411
99.5330455	0.2018899
99.6164065	0.1860856
99.6997675	0.1840396
99.7831285	0.1769064
99.8664895	0.1848531
99.9498505	0.1970942
100.0332116	0.2140899
100.1165726	0.2295553
100.1999336	0.2367100
100.2832946	0.2084003
100.3666556	0.1698267
100.4500166	0.1653038
100.5333776	0.1390370
100.6167386	0.1359062
100.7000996	0.1394146
100.7834606	0.1887004
100.8668217	0.2473277
100.9501827	0.2546656
101.0335437	0.2438748
101.1169047	0.2549625
101.2002657	0.2504981
101.2836267	0.2627607
101.3669877	0.2156677
101.4503487	0.1845217
101.5337097	0.1583568
101.6170707	0.1407799
101.7004318	0.1615529
101.7837928	0.2322258
101.8671538	0.2492036
101.9505148	0.2406146
102.0338758	0.2356401
102.1172368	0.2673035
102.2005978	0.2576037
102.2839588	0.2323940
102.3673198	0.2405047
102.4506808	0.2694724
102.5340418	0.2199108
102.6174029	0.1752689
102.7007639	0.1637664
102.7841249	0.1681722
102.8674859	0.1793489
102.9508469	0.1975436
103.0342079	0.2089049
103.1175689	0.2302573
103.2009299	0.2498229
103.2842909	0.2493287
103.3676519	0.1719456
103.4510130	0.1397830
103.5343740	0.1560236
103.6177350	0.2035090
103.7010960	0.1794005
103.7844570	0.1624733
103.8678180	0.2179889
103.9511790	0.2279380
104.0345400	0.2355440
104.1179010	0.2391621
104.2012620	0.2287271
104.2846230	0.2322888
104.3679841	0.2418164
104.4513451	0.1619241
104.5347061	0.1609399
104.6180671	0.1384912
104.7014281	0.1406619
104.7847891	0.2155376
104.8681501	0.2261585
104.9515111	0.2208159
105.0348721	0.3091954
105.1182331	0.2626020
105.2015942	0.2754265
105.2849552	0.2839354
105.3683162	0.2435615
105.4516772	0.1764690
105.5350382	0.1519897
105.6183992	0.1414071
105.7017602	0.1636743
105.7851212	0.2568772
105.8684822	0.2609675
105.9518432	0.2669542
106.0352043	0.2717668
106.1185653	0.2714782
106.2019263	0.2748700
106.2852873	0.2916760
106.3686483	0.2610671
106.4520093	0.2270649
106.5353703	0.1778855
106.6187313	0.1923696
106.7020923	0.1815627
106.7854533	0.2075426
106.8688143	0.2463925
106.9521754	0.2537481
107.0355364	0.2764844
107.1188974	0.2879801
107.2022584	0.2817930
107.2856194	0.2878347
107.3689804	0.2374240
107.4523414	0.1923390
107.5357024	0.1841593
107.6190634	0.1513625
107.7024244	0.1440867
107.7857855	0.2459836
107.8691465	0.2380664
107.9525075	0.2653018
108.0358685	0.2688435
108.1192295	0.2903097
108.2025905	0.2719538
108.2859515	0.2406802
108.3693125	0.2514639
108.4526735	0.2076614
108.5360345	0.2201801
108.6193955	0.2072393
108.7027566	0.2132303
108.7861176	0.1924632
108.8694786	0.2482393
108.9528396	0.2707936
109.0362006	0.2862879
109.1195616	0.2580510
109.2029226	0.2553730
109.2862836	0.2442667
109.3696446	0.2117921
109.4530056	0.2051012
109.5363667	0.2511737
109.6197277	0.1647249
109.7030887	0.1956225
109.7864497	0.1900443
109.8698107	0.2171679
109.9531717	0.2420947
110.0365327	0.2417820
110.1198937	0.2291789
110.2032547	0.2417636
110.2866157	0.2049517
110.3699768	0.1781069
110.4533378	0.2091793
110.5366988	0.1503023
110.6200598	0.1613600
110.7034208	0.1697390
110.7867818	0.1761335
110.8701428	0.1783163
110.9535038	0.1861555
111.0368648	0.2463961
111.1202258	0.2365743
111.2035868	0.2332672
111.2869479	0.2392220
111.3703089	0.1708918
111.4536699	0.1483407
111.5370309	0.1364249
111.6203919	0.1362736
111.7037529	0.1442332
111.7871139	0.2669960
111.8704749	0.2397195
111.9538359	0.2315747
112.0371969	0.2815743
112.1205580	0.2763551
112.2039190	0.2728671
112.2872800	0.2601220
112.3706410	0.2418817
112.4540020	0.1829510
112.5373630	0.1532993
112.6207240	0.1408565
112.7040850	0.1772427
112.7874460	0.2187729
112.8708070	0.2267521
112.9541681	0.2279907
113.0375291	0.2347983
113.1208901	0.2461788
113.2042511	0.2554531
113.2876121	0.2608056
113.3709731	0.2263281
113.4543341	0.2055167
113.5376951	0.1671762
113.6210561	0.1521745
113.7044171	0.1519222
113.7877781	0.1791890
113.8711392	0.1940660
113.9545002	0.2219689
114.0378612	0.2243853
114.1212222	0.2369215
114.2045832	0.2445863
114.2879442	0.2125344
114.3713052	0.1963348
114.4546662	0.1782543
114.5380272	0.1425552
114.6213882	0.1900622
114.7047493	0.2120444
114.7881103	0.1924732
114.8714713	0.2100869
114.9548323	0.2312403
115.0381933	0.2260961
115.1215543	0.2453236
115.2049153	0.2538017
115.2882763	0.2527862
115.3716373	0.1940173
115.4549983	0.1825572
115.5383593	0.1578695
115.6217204	0.1495714
115.7050814	0.1567765
115.7884424	0.2243012
115.8718034	0.2275460
115.9551644	0.2322484
116.0385254	0.2467376
116.1218864	0.2653396
116.2052474	0.2755788
116.2886084	0.2544381
116.3719694	0.2023349
116.4553305	0.1544748
116.5386915	0.1371065
116.6220525	0.1364089
116.7054135	0.1737011
116.7887745	0.2263286
116.8721355	0.2186609
116.9554965	0.2327067
117.0388575	0.2616443
117.1222185	0.3041480
117.2055795	0.2817843
117.2889406	0.2487831
117.3723016	0.2347656
117.4556626	0.1686738
117.5390236	0.1432698
117.6223846	0.1405071
117.7057456	0.1512025
117.7891066	0.2149976
117.8724676	0.2320580
117.9558286	0.2304018
118.0391896	0.2269262
118.1225506	0.2311277
118.2059117	0.2327837
118.2892727	0.2037337
118.3726337	0.2072551
118.4559947	0.1670254
118.5393557	0.1468113
118.6227167	0.1435350
118.7060777	0.1866832
118.7894387	0.1705446
118.8727997	0.1982693
118.9561607	0.2235427
119.0395218	0.2208459
119.1228828	0.2079280
119.2062438	0.1973712
119.2896048	0.2504969
119.3729658	0.2478700
119.4563268	0.2043156
119.5396878	0.1633836
119.6230488	0.1446746
119.7064098	0.1455210
119.7897708	0.1643017
119.8731318	0.2227099
119.9564929	0.2116286
120.0398539	0.2301404
120.1232149	0.2256382
120.2065759	0.2472020
120.2899369	0.2206890
120.3732979	0.1793364
120.4566589	0.1563174
120.5400199	0.1416295
120.6233809	0.1733536
120.7067419	0.1921270
120.7901030	0.1645882
120.8734640	0.2298407
120.9568250	0.2452421
121.0401860	0.2541231
121.1235470	0.2510031
121.2069080	0.2551895
121.2902690	0.2512943
121.3736300	0.2344292
121.4569910	0.2284550
121.5403520	0.2040312
121.6237131	0.1677983
121.7070741	0.2126117
121.7904351	0.2563863
121.8737961	0.2764482
121.9571571	0.2698306
122.0405181	0.2747634
122.1238791	0.2768815
122.2072401	0.2769187
122.2906011	0.2526115
122.3739621	0.2199406
122.4573231	0.1893478
122.5406842	0.1685104
122.6240452	0.1478006
122.7074062	0.1913417
122.7907672	0.2049248
122.8741282	0.2287851
122.9574892	0.2662537
123.0408502	0.2731446
123.1242112	0.2701458
123.2075722	0.2651769
123.2909332	0.2602964
123.3742943	0.2236938
123.4576553	0.1845862
123.5410163	0.1516946
123.6243773	0.1436171
123.7077383	0.1619534
123.7910993	0.1965327
123.8744603	0.2153432
123.9578213	0.2268678
124.0411823	0.2435603
124.1245433	0.2401000
124.2079044	0.2955588
124.2912654	0.2908143
124.3746264	0.2650315
124.4579874	0.2470161
124.5413484	0.2185680
124.6247094	0.2082267
124.7080704	0.1897245
124.7914314	0.2255677
124.8747924	0.2520809
124.9581534	0.2613685
125.0415144	0.2699363
125.1248755	0.2578923
125.2082365	0.2572528
125.2915975	0.2521777
125.3749585	0.2686393
125.4583195	0.2200779
125.5416805	0.2080408
125.6250415	0.1660456
125.7084025	0.1515681
125.7917635	0.2027900
125.8751245	0.2772135
125.9584856	0.2712206
126.0418466	0.2612498
126.1252076	0.2779956
126.2085686	0.2683326
126.2919296	0.2589313
126.3752906	0.2522588
126.4586516	0.2148805
126.5420126	0.1739036
126.6253736	0.1598663
126.7087346	0.1910671
126.7920956	0.2389005
126.8754567	0.2720720
126.9588177	0.2794413
127.0421787	0.2817018
127.1255397	0.3123741
127.2089007	0.2791587
127.2922617	0.2539663
127.3756227	0.2240276
127.4589837	0.2043274
127.5423447	0.1740841
127.6257057	0.1409698
127.7090668	0.2052155
127.7924278	0.2236366
127.8757888	0.2197484
127.9591498	0.2225989
128.0425108	0.2340261
128.1258718	0.2601362
128.2092328	0.2402741
128.2925938	0.2042220
128.3759548	0.2068013
128.4593158	0.1659233
128.5426769	0.1490826
128.6260379	0.1445488
128.7093989	0.1648336
128.7927599	0.2538869
128.8761209	0.2669110
128.9594819	0.2726795
129.0428429	0.2768511
129.1262039	0.2628857
129.2095649	0.2774192
129.2929259	0.2734380
129.3762869	0.2651645
129.4596480	0.2538642
129.5430090	0.1849978
129.6263700	0.1690593
129.7097310	0.1988374
129.7930920	0.2415977
129.8764530	0.2218942
129.9598140	0.2228521
130.0431750	0.2285280
130.1265360	0.2322591
130.2098970	0.2242245
130.2932581	0.1956288
130.3766191	0.2255476
130.4599801	0.2058388
130.5433411	0.2039709
130.6267021	0.1869783
130.7100631	0.1680081
130.7934241	0.1578764
130.8767851	0.2747771
130.9601461	0.2713193
131.0435071	0.2611406
131.1268682	0.2845193
131.2102292	0.2634252
131.2935902	0.2577147
131.3769512	0.2447405
131.4603122	0.2006043
131.5436732	0.1634912
131.6270342	0.1858083
131.7103952	0.1737880
131.7937562	0.1858646
131.8771172	0.2116643
131.9604782	0.2154960
132.0438393	0.2216237
132.1272003	0.2402454
132.2105613	0.2379397
132.2939223	0.2237210
132.3772833	0.2031121
132.4606443	0.1932268
132.5440053	0.1629985
132.6273663	0.1550298
132.7107273	0.1740834
132.7940883	0.2064537
132.8774494	0.2113239
132.9608104	0.2117243
133.0441714	0.2121111
133.1275324	0.2173939
133.2108934	0.2247404
133.2942544	0.2575530
133.3776154	0.2212909
133.4609764	0.2388748
133.5443374	0.1951669
133.6276984	0.1579079
133.7110594	0.1854938
133.7944205	0.2049040
133.8777815	0.2507979
133.9611425	0.2779565
134.0445035	0.2741829
134.1278645	0.2784888
134.2112255	0.2997446
134.2945865	0.2502117
134.3779475	0.2162629
134.4613085	0.2017764
134.5446695	0.1856438
134.6280306	0.2048739
134.7113916	0.2455802
134.7947526	0.2449924
134.8781136	0.2648722
134.9614746	0.2655250
135.0448356	0.2589276
135.1281966	0.2582043
135.2115576	0.2758283
135.2949186	0.2664381
135.3782796	0.2411271
135.4616407	0.2055401
135.5450017	0.1594424
135.6283627	0.1442676
135.7117237	0.1485561
135.7950847	0.1593628
135.8784457	0.1710263
135.9618067	0.2373760
136.0451677	0.2475029
136.1285287	0.2909315
136.2118897	0.2811887
136.2952507	0.2766330
136.3786118	0.2518028
136.4619728	0.2185423
136.5453338	0.1717823
136.6286948	0.1473783
136.7120558	0.1737840
136.7954168	0.1796969
136.8787778	0.2199540
136.9621388	0.2563564
137.0454998	0.2403312
137.1288608	0.2637500
137.2122219	0.2510443
137.2955829	0.2299921
137.3789439	0.2627694
137.4623049	0.2046369
137.5456659	0.1555291
137.6290269	0.1454377
137.7123879	0.1519369
137.7957489	0.2027327
137.8791099	0.2469219
137.9624709	0.2733576
138.0458319	0.2704929
138.1291930	0.2901787
138.2125540	0.2615921
138.2959150	0.2368901
138.3792760	0.2153141
138.4626370	0.1861182
138.5459980	0.1486106
138.6293590	0.1418056
138.7127200	0.1515118
138.7960810	0.1866423
138.8794420	0.2178036
138.9628031	0.2437486
139.0461641	0.2387473
139.1295251	0.2362438
139.2128861	0.2588991
139.2962471	0.2620963
139.3796081	0.2420833
139.4629691	0.2066931
139.5463301	0.1720850
139.6296911	0.1534856
139.7130521	0.1631990
139.7964132	0.2220324
139.8797742	0.2173951
139.9631352	0.2221051
140.0464962	0.2150393
140.1298572	0.2447631
140.2132182	0.2790661
140.2965792	0.2682928
140.3799402	0.2443744
140.4633012	0.2027872
140.5466622	0.1762335
140.6300232	0.1596210
140.7133843	0.1571536
140.7967453	0.1943132
140.8801063	0.2058437
140.9634673	0.1961914
141.0468283	0.2181014
141.1301893	0.2187342
141.2135503	0.2532358
141.2969113	0.2080436
141.3802723	0.1880715
141.4636333	0.1438702
141.5469944	0.1411645
141.6303554	0.1562213
141.7137164	0.1654272
141.7970774	0.1800205
141.8804384	0.2406160
141.9637994	0.2233389
142.0471604	0.2874176
142.1305214	0.2580165
142.2138824	0.2592124
142.2972434	0.2489957
142.3806045	0.2096644
142.4639655	0.1807168
142.5473265	0.1604511
142.6306875	0.1544595
142.7140485	0.1547850
142.7974095	0.2234464
142.8807705	0.2072431
142.9641315	0.2686275
143.0474925	0.2967763
143.1308535	0.3046763
143.2142145	0.3175143
143.2975756	0.2965378
143.3809366	0.2255746
143.4642976	0.2249618
143.5476586	0.2048837
143.6310196	0.1744235
143.7143806	0.1614683
143.7977416	0.2167603
143.8811026	0.2599733
143.9644636	0.2808629
144.0478246	0.2673227
144.1311857	0.2841331
144.2145467	0.2588781
144.2979077	0.2700398
144.3812687	0.2352554
144.4646297	0.2097834
144.5479907	0.1835359
144.6313517	0.1657446
144.7147127	0.1531458
144.7980737	0.1790290
144.8814347	0.1734274
144.9647957	0.1863131
145.0481568	0.2099464
145.1315178	0.2394412
145.2148788	0.2310339
145.2982398	0.1858552
145.3816008	0.1674608
145.4649618	0.1707989
145.5483228	0.1500907
145.6316838	0.1400085
145.7150448	0.1622776
145.7984058	0.2089711
145.8817669	0.2104340
145.9651279	0.2469479
146.0484889	0.2317955
146.1318499	0.2181097
146.2152109	0.2286231
146.2985719	0.1973471
146.3819329	0.1614315
146.4652939	0.1720643
146.5486549	0.1847345
146.6320159	0.1502816
146.7153770	0.1656142
146.7987380	0.1886892
146.8820990	0.2093700
146.9654600	0.2015322
147.0488210	0.2013144
147.1321820	0.2662451
147.2155430	0.2594332
147.2989040	0.2281156
147.3822650	0.1990739
147.4656260	0.1644335
147.5489870	0.1452071
147.6323481	0.1822082
147.7157091	0.1781741
147.7990701	0.1621429
147.8824311	0.1822535
147.9657921	0.2178146
148.0491531	0.2073271
148.1325141	0.2267320
148.2158751	0.2479469
148.2992361	0.2714895
148.3825971	0.2806001
148.4659582	0.2147402
148.5493192	0.1965967
148.6326802	0.1675679
148.7160412	0.1737120
148.7994022	0.1835443
148.8827632	0.2380063
148.9661242	0.2413253
149.0494852	0.2501881
149.1328462	0.2727578
149.2162072	0.2696883
149.2995682	0.2451959
149.3829293	0.2162358
149.4662903	0.2044408
149.5496513	0.2004868
149.6330123	0.1604847
149.7163733	0.1457978
149.7997343	0.2437339
149.8830953	0.2629367
149.9664563	0.2633108
150.0498173	0.2612067
150.1331783	0.2579852
150.2165394	0.2496474
150.2999004	0.2608899
150.3832614	0.2018937
150.4666224	0.1847978
150.5499834	0.1566863
150.6333444	0.1429751
150.7167054	0.1454138
150.8000664	0.1631377
150.8834274	0.2383425
150.9667884	0.2687367
151.0501495	0.2688198
151.1335105	0.2727296
151.2168715	0.2518153
151.3002325	0.2408408
151.3835935	0.2375153
151.4669545	0.2123998
151.5503155	0.1856061
151.6336765	0.1637594
151.7170375	0.1664926
151.8003985	0.1832650
151.8837595	0.2333016
151.9671206	0.2353275
152.0504816	0.2578644
152.1338426	0.2796121
152.2172036	0.2698391
152.3005646	0.2578243
152.3839256	0.2579601
152.4672866	0.2409524
152.5506476	0.1765365
152.6340086	0.1584512
152.7173696	0.2085968
152.8007307	0.2241405
152.8840917	0.2641656
152.9674527	0.2809967
153.0508137	0.2673007
153.1341747	0.2618302
153.2175357	0.2693663
153.3008967	0.2498364
153.3842577	0.2295043
153.4676187	0.1981758
153.5509797	0.1590205
153.6343408	0.1432998
153.7177018	0.1453843
153.8010628	0.2057552
153.8844238	0.2417132
153.9677848	0.2364650
154.0511458	0.2416811
154.1345068	0.2551544
154.2178678	0.2491958
154.3012288	0.2357055
154.3845898	0.2434356
154.4679508	0.2238933
154.5513119	0.1996951
154.6346729	0.1717819
154.7180339	0.1555759
154.8013949	0.1912065
154.8847559	0.2510228
154.9681169	0.2522670
155.0514779	0.2529303
155.1348389	0.2541346
155.2181999	0.2323980
155.3015609	0.2344485
155.3849220	0.2609800
155.4682830	0.2684055
155.5516440	0.2243376
155.6350050	0.1897603
155.7183660	0.1609181
155.8017270	0.1929971
155.8850880	0.2199746
155.9684490	0.2212035
156.0518100	0.2328598
156.1351710	0.2472483
156.2185320	0.2254436
156.3018931	0.2450256
156.3852541	0.1712848
156.4686151	0.1459216
156.5519761	0.1354320
156.6353371	0.1359902
156.7186981	0.1383379
156.8020591	0.1811447
156.8854201	0.1954310
156.9687811	0.2061414
157.0521421	0.2442380
157.1355032	0.2475130
157.2188642	0.2350304
157.3022252	0.2271086
157.3855862	0.2074043
157.4689472	0.2414969
157.5523082	0.1649696
157.6356692	0.1425240
157.7190302	0.1697505
157.8023912	0.2517976
157.8857522	0.2677729
157.9691133	0.2462836
158.0524743	0.2327178
158.1358353	0.2398717
158.2191963	0.2628466
158.3025573	0.2444926
158.3859183	0.2147027
158.4692793	0.1622662
158.5526403	0.1602009
158.6360013	0.1504324
158.7193623	0.1986201
158.8027233	0.2274806
158.8860844	0.2770827
158.9694454	0.2592713
159.0528064	0.2414378
159.1361674	0.2271695
159.2195284	0.2575596
159.3028894	0.2421423
159.3862504	0.2142319
159.4696114	0.1724682
159.5529724	0.2230045
159.6363334	0.1603599
159.7196945	0.2258583
159.8030555	0.1788983
159.8864165	0.2114757
159.9697775	0.2190851
160.0531385	0.2337677
160.1364995	0.2367242
160.2198605	0.2581041
160.3032215	0.2205429
160.3865825	0.1838169
160.4699435	0.1731537
160.5533045	0.1748213
160.6366656	0.1440986
160.7200266	0.1453631
160.8033876	0.2077930
160.8867486	0.2459417
160.9701096	0.2459961
161.0534706	0.2389051
161.1368316	0.2295907
161.2201926	0.2155079
161.3035536	0.2038228
161.3869146	0.2059459
161.4702757	0.1724015
161.5536367	0.1520855
161.6369977	0.1512887
161.7203587	0.1956186
161.8037197	0.1748140
161.8870807	0.1946220
161.9704417	0.2048009
162.0538027	0.2610975
162.1371637	0.2339525
162.2205247	0.2332749
162.3038858	0.2129069
162.3872468	0.2449515
162.4706078	0.2164478
162.5539688	0.1706995
162.6373298	0.1460838
162.7206908	0.1458427
162.8040518	0.1500250
162.8874128	0.1622594
162.9707738	0.1920930
163.0541348	0.1961988
163.1374958	0.2035920
163.2208569	0.1967794
163.3042179	0.2058945
163.3875789	0.2332805
163.4709399	0.1517645
163.5543009	0.1358831
163.6376619	0.1411910
163.7210229	0.1655067
163.8043839	0.2167884
163.8877449	0.1978404
163.9711059	0.2217167
164.0544670	0.2186146
164.1378280	0.2291304
164.2211890	0.2131358
164.3045500	0.1781944
164.3879110	0.1528142
164.4712720	0.1462105
164.5546330	0.1788534
164.6379940	0.1816596
164.7213550	0.1480342
164.8047160	0.2172546
164.8880771	0.2360031
164.9714381	0.2469133
165.0547991	0.2416373
165.1381601	0.2478559
165.2215211	0.2357160
165.3048821	0.2003652
165.3882431	0.1971241
165.4716041	0.2088997
165.5549651	0.1838859
165.6383261	0.1523083
165.7216871	0.1531396
165.8050482	0.2414421
165.8884092	0.2472413
165.9717702	0.2467971
166.0551312	0.2516696
166.1384922	0.2524013
166.2218532	0.2491444
166.3052142	0.2659787
166.3885752	0.2774991
166.4719362	0.2599085
166.5552972	0.2351499
166.6386583	0.1825690
166.7220193	0.1876153
166.8053803	0.2080615
166.8887413	0.2266717
166.9721023	0.2439960
167.0554633	0.2527997
167.1388243	0.2473679
167.2221853	0.2377962
167.3055463	0.2138721
167.3889073	0.1965483
167.4722683	0.1679374
167.5556294	0.1416117
167.6389904	0.1369886
167.7223514	0.1673443
167.8057124	0.2854348
167.8890734	0.2505247
167.9724344	0.2495757
168.0557954	0.2508132
168.1391564	0.2709875
168.2225174	0.2511624
168.3058784	0.2281349
168.3892395	0.1912674
168.4726005	0.1549383
168.5559615	0.1384035
168.6393225	0.1516419
168.7226835	0.2184913
168.8060445	0.2082014
168.8894055	0.1950370
168.9727665	0.2400552
169.0561275	0.2298454
169.1394885	0.2166731
169.2228496	0.2053869
169.3062106	0.2007955
169.3895716	0.2475708
169.4729326	0.2139088
169.5562936	0.1547126
169.6396546	0.1368498
169.7230156	0.1386937
169.8063766	0.1804046
169.8897376	0.2219789
169.9730986	0.2228781
170.0564596	0.2113687
170.1398207	0.2307747
170.2231817	0.2433520
170.3065427	0.2313489
170.3899037	0.2095594
170.4732647	0.1887833
170.5566257	0.1962885
170.6399867	0.1581571
170.7233477	0.1505965
170.8067087	0.1706669
170.8900697	0.1992173
170.9734308	0.2126359
171.0567918	0.2129014
171.1401528	0.2250499
171.2235138	0.2174733
171.3068748	0.2083913
171.3902358	0.1862723
171.4735968	0.1699557
171.5569578	0.1449619
171.6403188	0.1365269
171.7236798	0.1478002
171.8070409	0.2354956
171.8904019	0.2120755
171.9737629	0.2010241
172.0571239	0.1924154
172.1404849	0.1994265
172.2238459	0.2090300
172.3072069	0.1868744
172.3905679	0.1816421
172.4739289	0.2104694
172.5572899	0.1558007
172.6406509	0.1450853
172.7240120	0.2228818
172.8073730	0.2052130
172.8907340	0.2124393
172.9740950	0.2078954
173.0574560	0.2786795
173.1408170	0.2473924
173.2241780	0.2147077
173.3075390	0.1802771
173.3909000	0.1883699
173.4742610	0.1567469
173.5576221	0.1365990
173.6409831	0.1363169
173.7243441	0.1386744
173.8077051	0.1452142
173.8910661	0.1648041
173.9744271	0.1823406
174.0577881	0.2206126
174.1411491	0.2268194
174.2245101	0.2344047
174.3078711	0.1872264
174.3912321	0.1596827
174.4745932	0.1390578
174.5579542	0.1490135
174.6413152	0.1564508
174.7246762	0.1606752
174.8080372	0.1727697
174.8913982	0.2066795
174.9747592	0.2327942
175.0581202	0.2403085
175.1414812	0.2520614
175.2248422	0.2195226
175.3082033	0.1931211
175.3915643	0.2003279
175.4749253	0.1821324
175.5582863	0.1548371
175.6416473	0.1364679
175.7250083	0.1768962
175.8083693	0.1671651
175.8917303	0.1641477
175.9750913	0.2296519
176.0584523	0.2282139
176.1418134	0.2123514
176.2251744	0.1806510
176.3085354	0.1583076
176.3918964	0.1432843
176.4752574	0.1608335
176.5586184	0.1681534
176.6419794	0.1799315
176.7253404	0.1424320
176.8087014	0.1446908
176.8920624	0.1716001
176.9754234	0.2260910
177.0587845	0.2295415
177.1421455	0.2482753
177.2255065	0.2500929
177.3088675	0.2362512
177.3922285	0.1805139
177.4755895	0.1728757
177.5589505	0.1498556
177.6423115	0.1605034
177.7256725	0.1674377
177.8090335	0.2165823
177.8923946	0.1821803
177.9757556	0.2183288
178.0591166	0.2580322
178.1424776	0.2518300
178.2258386	0.2185091
178.3091996	0.2534494
178.3925606	0.2214852
178.4759216	0.1773852
178.5592826	0.1454198
178.6426436	0.1381420
178.7260046	0.1699211
178.8093657	0.2263504
178.8927267	0.2621030
178.9760877	0.2338470
179.0594487	0.2254141
179.1428097	0.2184948
179.2261707	0.2301988
179.3095317	0.2405190
179.3928927	0.1907280
179.4762537	0.1909831
179.5596147	0.1719126
179.6429758	0.1411795
179.7263368	0.1524911
179.8096978	0.1718194
179.8930588	0.2008316
179.9764198	0.1839315
180.0597808	0.2161605
180.1431418	0.1929257
180.2265028	0.1800617
180.3098638	0.1643062
180.3932248	0.1969455
180.4765859	0.1586438
180.5599469	0.1352906
180.6433079	0.1339425
180.7266689	0.1564581
180.8100299	0.1965900
180.8933909	0.1678162
180.9767519	0.1952224
181.0601129	0.2636186
181.1434739	0.2271014
181.2268349	0.2121264
181.3101959	0.1865227
181.3935570	0.1907520
181.4769180	0.1591515
181.5602790	0.1447315
181.6436400	0.1428542
181.7270010	0.1513335
181.8103620	0.2056268
181.8937230	0.1811325
181.9770840	0.1813501
182.0604450	0.2000993
182.1438060	0.2343099
182.2271671	0.2122779
182.3105281	0.1781092
182.3938891	0.1630179
182.4772501	0.1736876
182.5606111	0.1395665
182.6439721	0.1344474
182.7273331	0.1465193
182.8106941	0.1814964
182.8940551	0.1641723
182.9774161	0.1726183
183.0607772	0.2145437
183.1441382	0.2241476
183.2274992	0.1827135
183.3108602	0.1497339
183.3942212	0.1482599
183.4775822	0.1783406
183.5609432	0.1359209
183.6443042	0.1459132
183.7276652	0.1561298
183.8110262	0.1717814
183.8943872	0.1895783
183.9777483	0.1952916
184.0611093	0.2031415
184.1444703	0.2376846
184.2278313	0.2330254
184.3111923	0.2338659
184.3945533	0.2049847
184.4779143	0.2099213
184.5612753	0.1760229
184.6446363	0.1876705
184.7279973	0.1774497
184.8113584	0.1615365
184.8947194	0.2410080
184.9780804	0.2471302
185.0614414	0.2396936
185.1448024	0.2524965
185.2281634	0.2675395
185.3115244	0.2639980
185.3948854	0.2097922
185.4782464	0.1817730
185.5616074	0.1512376
185.6449684	0.1381519
185.7283295	0.1763467
185.8116905	0.1835940
185.8950515	0.2299296
185.9784125	0.2171907
186.0617735	0.2143221
186.1451345	0.2494506
186.2284955	0.2317693
186.3118565	0.2152993
186.3952175	0.2333138
186.4785785	0.2253677
186.5619396	0.2013701
186.6453006	0.1652152
186.7286616	0.1819449
186.8120226	0.2403452
186.8953836	0.2487272
186.9787446	0.2553425
187.0621056	0.2548832
187.1454666	0.2445877
187.2288276	0.2403788
187.3121886	0.2342577
187.3955497	0.1921744
187.4789107	0.1541668
187.5622717	0.1353179
187.6456327	0.1360442
187.7289937	0.2137362
187.8123547	0.2030051
187.8957157	0.1833594
187.9790767	0.1888722
188.0624377	0.2011570
188.1457987	0.1864125
188.2291597	0.2013322
188.3125208	0.1755088
188.3958818	0.1542338
188.4792428	0.1620157
188.5626038	0.1348004
188.6459648	0.1321204
188.7293258	0.2014637
188.8126868	0.2003063
188.8960478	0.1932672
188.9794088	0.2092927
189.0627698	0.2449024
189.1461309	0.2348196
189.2294919	0.2240120
189.3128529	0.2412727
189.3962139	0.2145515
189.4795749	0.2032710
189.5629359	0.1597851
189.6462969	0.1480780
189.7296579	0.1446939
189.8130189	0.1957285
189.8963799	0.2441355
189.9797409	0.2506249
190.0631020	0.2300993
190.1464630	0.2259548
190.2298240	0.2209377
190.3131850	0.2044969
190.3965460	0.1597928
190.4799070	0.1407420
190.5632680	0.1396188
190.6466290	0.1456135
190.7299900	0.1659764
190.8133510	0.1723300
190.8967121	0.1742729
190.9800731	0.1736692
191.0634341	0.2082453
191.1467951	0.2616443
191.2301561	0.2482466
191.3135171	0.2317085
191.3968781	0.1686177
191.4802391	0.1459749
191.5636001	0.1366111
191.6469611	0.1370002
191.7303222	0.1445196
191.8136832	0.1740770
191.8970442	0.1699218
191.9804052	0.1652266
192.0637662	0.1682645
192.1471272	0.2090059
192.2304882	0.1840450
192.3138492	0.1724630
192.3972102	0.1471147
192.4805712	0.1410544
192.5639322	0.1442381
192.6472933	0.1474091
192.7306543	0.1508855
192.8140153	0.1800122
192.8973763	0.1575491
192.9807373	0.1583071
193.0640983	0.1856418
193.1474593	0.1961310
193.2308203	0.1963874
193.3141813	0.2024972
193.3975423	0.1537713
193.4809034	0.1634259
193.5642644	0.1657771
193.6476254	0.1697188
193.7309864	0.1376823
193.8143474	0.1455477
193.8977084	0.2112515
193.9810694	0.2352707
194.0644304	0.2513235
194.1477914	0.2409547
194.2311524	0.2514662
194.3145135	0.2402249
194.3978745	0.2009933
194.4812355	0.2210527
194.5645965	0.2081412
194.6479575	0.1849665
194.7313185	0.1742653
194.8146795	0.2123011
194.8980405	0.2229746
194.9814015	0.2489369
195.0647625	0.2432773
195.1481235	0.2646827
195.2314846	0.2580408
195.3148456	0.2317069
195.3982066	0.2114577
195.4815676	0.1707292
195.5649286	0.1503223
195.6482896	0.1380671
195.7316506	0.1409677
195.8150116	0.1639660
195.8983726	0.2468397
195.9817336	0.2416909
196.0650947	0.2511137
196.1484557	0.2689664
196.2318167	0.2463484
196.3151777	0.2088921
196.3985387	0.2054247
196.4818997	0.1687658
196.5652607	0.1634336
196.6486217	0.1472439
196.7319827	0.1428704
196.8153437	0.1956165
196.8987047	0.1963131
196.9820658	0.2090609
197.0654268	0.2358754
197.1487878	0.2506102
197.2321488	0.2545354
197.3155098	0.2638474
197.3988708	0.2125660
197.4822318	0.2023557
197.5655928	0.1448659
197.6489538	0.1352420
197.7323148	0.1449613
197.8156759	0.1773239
197.8990369	0.2194658
197.9823979	0.2242504
198.0657589	0.2116659
198.1491199	0.2059715
198.2324809	0.2119984
198.3158419	0.1908616
198.3992029	0.1505300
198.4825639	0.1665968
198.5659249	0.1533232
198.6492860	0.1498881
198.7326470	0.1499595
198.8160080	0.2015866
198.8993690	0.2382126
198.9827300	0.2298042
199.0660910	0.2245844
199.1494520	0.2640678
199.2328130	0.2307722
199.3161740	0.1889176
199.3995350	0.2173346
199.4828960	0.1874506
199.5662571	0.1487742
199.6496181	0.1397077
199.7329791	0.1719004
199.8163401	0.1778547
199.8997011	0.2262768
199.9830621	0.2175876
200.0664231	0.2399243
200.1497841	0.2388451
200.2331451	0.2634419
200.3165061	0.2475576
200.3998672	0.2359366
200.4832282	0.2233651
200.5665892	0.1662374
200.6499502	0.1445304
200.7333112	0.1564067
200.8166722	0.1585160
200.9000332	0.1749368
200.9833942	0.1993858
201.0667552	0.2352771
201.1501162	0.2691727
201.2334773	0.2564167
201.3168383	0.2109949
201.4001993	0.1957681
201.4835603	0.1539798
201.5669213	0.1443110
201.6502823	0.1392994
201.7336433	0.1422773
201.8170043	0.1572044
201.9003653	0.2115026
201.9837263	0.2461529
202.0670873	0.2341511
202.1504484	0.2247635
202.2338094	0.2054372
202.3171704	0.2444088
202.4005314	0.1999374
202.4838924	0.1753027
202.5672534	0.1381393
202.6506144	0.1358285
202.7339754	0.1397401
202.8173364	0.1605772
202.9006974	0.1800942
202.9840585	0.1786767
203.0674195	0.2400543
203.1507805	0.2289742
203.2341415	0.2113855
203.3175025	0.1953447
203.4008635	0.1798290
203.4842245	0.1420443
203.5675855	0.1542740
203.6509465	0.1542188
203.7343075	0.1590873
203.8176685	0.1725873
203.9010296	0.2488095
203.9843906	0.2155297
204.0677516	0.2385163
204.1511126	0.2284057
204.2344736	0.2422831
204.3178346	0.2005030
204.4011956	0.2493956
204.4845566	0.2539093
204.5679176	0.2093521
204.6512786	0.1752617
204.7346397	0.1667381
204.8180007	0.1788899
204.9013617	0.1819506
204.9847227	0.2188556
205.0680837	0.2781865
205.1514447	0.2479875
205.2348057	0.2268291
205.3181667	0.2008627
205.4015277	0.1654730
205.4848887	0.1450531
205.5682498	0.1436475
205.6516108	0.1465671
205.7349718	0.1517476
205.8183328	0.1707516
205.9016938	0.1681705
205.9850548	0.1610430
206.0684158	0.1687920
206.1517768	0.1690625
206.2351378	0.1626572
206.3184988	0.1630231
206.4018598	0.1635117
206.4852209	0.1436242
206.5685819	0.1529901
206.6519429	0.1511130
206.7353039	0.2232688
206.8186649	0.2512364
206.9020259	0.2399896
206.9853869	0.2466982
207.0687479	0.2508694
207.1521089	0.2342570
207.2354699	0.2072163
207.3188310	0.1868920
207.4021920	0.1648830
207.4855530	0.1522755
207.5689140	0.1381824
207.6522750	0.1379637
207.7356360	0.1576782
207.8189970	0.2384415
207.9023580	0.2608221
207.9857190	0.2530532
208.0690800	0.2672213
208.1524410	0.2693386
208.2358021	0.2659416
208.3191631	0.2393721
208.4025241	0.2361675
208.4858851	0.2358134
208.5692461	0.2233623
208.6526071	0.2118420
208.7359681	0.2237585
208.8193291	0.2113977
208.9026901	0.1957955
208.9860511	0.2256171
209.0694122	0.2171039
209.1527732	0.2335044
209.2361342	0.2415357
209.3194952	0.2282479
209.4028562	0.2195916
209.4862172	0.2005667
209.5695782	0.1478326
209.6529392	0.1443889
209.7363002	0.2115087
209.8196612	0.2480006
209.9030223	0.2538780
209.9863833	0.2496153
210.0697443	0.2759918
210.1531053	0.2933908
210.2364663	0.2557758
210.3198273	0.2495350
210.4031883	0.1880846
210.4865493	0.1753192
210.5699103	0.1584242
210.6532713	0.1433142
210.7366323	0.1878995
210.8199934	0.1698414
210.9033544	0.1589642
210.9867154	0.1770485
211.0700764	0.1984126
211.1534374	0.2521249
211.2367984	0.2612998
211.3201594	0.2434809
211.4035204	0.1950837
211.4868814	0.1513423
211.5702424	0.1387554
211.6536035	0.1403934
211.7369645	0.1863187
211.8203255	0.1825284
211.9036865	0.1880332
211.9870475	0.2437894
212.0704085	0.2693996
212.1537695	0.2732708
212.2371305	0.2559914
212.3204915	0.2346564
212.4038525	0.1810818
212.4872136	0.1581049
212.5705746	0.1543519
212.6539356	0.1729803
212.7372966	0.1552302
212.8206576	0.1506011
212.9040186	0.2429717
212.9873796	0.2523803
213.0707406	0.2425522
213.1541016	0.2577308
213.2374626	0.2413352
213.3208236	0.2337527
213.4041847	0.2251309
213.4875457	0.1905650
213.5709067	0.2106361
213.6542677	0.1595152
213.7376287	0.1499505
213.8209897	0.1999059
213.9043507	0.1858069
213.9877117	0.2434351
214.0710727	0.2375160
214.1544337	0.2279970
214.2377948	0.2663891
214.3211558	0.2451614
214.4045168	0.2394580
214.4878778	0.2043782
214.5712388	0.1774519
214.6545998	0.1508064
214.7379608	0.2043120
214.8213218	0.2440869
214.9046828	0.2057765
214.9880438	0.2358584
215.0714048	0.2619860
215.1547659	0.2768664
215.2381269	0.2499167
215.3214879	0.2223982
215.4048489	0.2118698
215.4882099	0.1892975
215.5715709	0.1545281
215.6549319	0.1393991
215.7382929	0.2100533
215.8216539	0.1713529
215.9050149	0.1903617
215.9883760	0.2404426
216.0717370	0.2161297
216.1550980	0.2123494
216.2384590	0.2786320
216.3218200	0.2630102
216.4051810	0.2514133
216.4885420	0.1800873
216.5719030	0.1471964
216.6552640	0.1378299
216.7386250	0.1518449
216.8219861	0.1659308
216.9053471	0.1929008
216.9887081	0.2206429
217.0720691	0.2628672
217.1554301	0.2408926
217.2387911	0.2292260
217.3221521	0.2500615
217.4055131	0.2646555
217.4888741	0.2547696
217.5722351	0.2302447
217.6555961	0.1938698
217.7389572	0.1689575
217.8223182	0.1699512
217.9056792	0.1786322
217.9890402	0.2753783
218.0724012	0.2453715
218.1557622	0.2493568
218.2391232	0.2606591
218.3224842	0.2331126
218.4058452	0.2670864
218.4892062	0.2433878
218.5725673	0.2093610
218.6559283	0.2425865
218.7392893	0.2362803
218.8226503	0.1994735
218.9060113	0.1955895
218.9893723	0.2311611
219.0727333	0.2435417
219.1560943	0.2326438
219.2394553	0.1987307
219.3228163	0.2205126
219.4061773	0.1964725
219.4895384	0.1625763
219.5728994	0.1542670
219.6562604	0.1398894
219.7396214	0.1955465
219.8229824	0.2031280
219.9063434	0.2293840
219.9897044	0.2360370
220.0730654	0.2624610
220.1564264	0.2642107
220.2397874	0.2306242
220.3231485	0.2172798
220.4065095	0.1725447
220.4898705	0.1553926
220.5732315	0.1491108
220.6565925	0.1409427
220.7399535	0.1879034
220.8233145	0.2347877
220.9066755	0.2531817
220.9900365	0.2252501
221.0733975	0.2198833
221.1567586	0.2329207
221.2401196	0.2220159
221.3234806	0.2478549
221.4068416	0.2421119
221.4902026	0.1729815
221.5735636	0.1554505
221.6569246	0.1683465
221.7402856	0.1705043
221.8236466	0.1834941
221.9070076	0.2122605
221.9903686	0.2352852
222.0737297	0.2230470
222.1570907	0.2244836
222.2404517	0.2493563
222.3238127	0.2564473
222.4071737	0.2238837
222.4905347	0.1905374
222.5738957	0.1591811
222.6572567	0.1375794
222.7406177	0.1409619
222.8239787	0.1888722
222.9073398	0.1879673
222.9907008	0.2070835
223.0740618	0.2341607
223.1574228	0.2474489
223.2407838	0.2433832
223.3241448	0.2067620
223.4075058	0.1550755
223.4908668	0.1379860
223.5742278	0.1576836
223.6575888	0.1508133
223.7409499	0.1676564
223.8243109	0.2615673
223.9076719	0.2725483
223.9910329	0.2717546
224.0743939	0.2534794
224.1577549	0.2470532
224.2411159	0.2276031
224.3244769	0.2302366
224.4078379	0.2105741
224.4911989	0.2378850
224.5745599	0.1646593
224.6579210	0.1438479
224.7412820	0.1544545
224.8246430	0.1648463
224.9080040	0.1637591
224.9913650	0.2154261
225.0747260	0.2378941
225.1580870	0.2267063
225.2414480	0.2184404
225.3248090	0.2214337
225.4081700	0.1705936
225.4915311	0.1475420
225.5748921	0.1569904
225.6582531	0.1614175
225.7416141	0.1685611
225.8249751	0.1497323
225.9083361	0.1462862
225.9916971	0.1654297
226.0750581	0.2196447
226.1584191	0.2326350
226.2417801	0.2078949
226.3251411	0.1771343
226.4085022	0.1668030
226.4918632	0.1408380
226.5752242	0.1367301
226.6585852	0.1364942
226.7419462	0.1463562
226.8253072	0.1675844
226.9086682	0.1650747
226.9920292	0.1689827
227.0753902	0.2078790
227.1587512	0.2245360
227.2421123	0.2227201
227.3254733	0.2154162
227.4088343	0.2885073
227.4921953	0.2639657
227.5755563	0.1941439
227.6589173	0.1594216
227.7422783	0.1530035
227.8256393	0.2336314
227.9090003	0.2755831
227.9923613	0.2926321
228.0757224	0.2658744
228.1590834	0.2458769
228.2424444	0.2205545
228.3258054	0.1985266
228.4091664	0.1762030
228.4925274	0.2376282
228.5758884	0.1789407
228.6592494	0.1479432
228.7426104	0.1469491
228.8259714	0.1496737
228.9093324	0.2055607
228.9926935	0.2375399
229.0760545	0.2258461
229.1594155	0.2233963
229.2427765	0.2069319
229.3261375	0.2210001
229.4094985	0.2432515
229.4928595	0.2080513
229.5762205	0.1524061
229.6595815	0.1514546
229.7429425	0.1549860
229.8263036	0.1593480
229.9096646	0.2551902
229.9930256	0.2631291
230.0763866	0.2598277
230.1597476	0.2786988
230.2431086	0.2746285
230.3264696	0.2609587
230.4098306	0.2443230
230.4931916	0.1884327
230.5765526	0.1924790
230.6599136	0.1648284
230.7432747	0.1796350
230.8266357	0.2293541
230.9099967	0.2447343
230.9933577	0.2699932
231.0767187	0.2720478
231.1600797	0.2614787
231.2434407	0.2479951
231.3268017	0.2387571
231.4101627	0.2115125
231.4935237	0.2061096
231.5768848	0.1514471
231.6602458	0.1404222
231.7436068	0.1456002
231.8269678	0.1702000
231.9103288	0.2102868
231.9936898	0.2116681
232.0770508	0.2012314
232.1604118	0.1859073
232.2437728	0.1922086
232.3271338	0.2728302
232.4104949	0.2511660
232.4938559	0.2643619
232.5772169	0.1849246
232.6605779	0.1532592
232.7439389	0.1491807
232.8272999	0.1514362
232.9106609	0.1589290
232.9940219	0.1891755
233.0773829	0.2035877
233.1607439	0.2223215
233.2441049	0.2134827
233.3274660	0.1906753
233.4108270	0.1956329
233.4941880	0.1699017
233.5775490	0.1506002
233.6609100	0.1422655
233.7442710	0.1756416
233.8276320	0.1617765
233.9109930	0.1588736
233.9943540	0.1769460
234.0777150	0.2084201
234.1610761	0.2362258
234.2444371	0.2728305
234.3277981	0.2277757
234.4111591	0.1908608
234.4945201	0.1948774
234.5778811	0.1472925
234.6612421	0.1406635
234.7446031	0.1598657
234.8279641	0.1957749
234.9113251	0.2653526
234.9946862	0.2615952
235.0780472	0.2616037
235.1614082	0.2528963
235.2447692	0.2448910
235.3281302	0.2243100
235.4114912	0.1681185
235.4948522	0.1512528
235.5782132	0.1408671
235.6615742	0.1466814
235.7449352	0.1466099
235.8282962	0.1563228
235.9116573	0.1925636
235.9950183	0.2352247
236.0783793	0.2345656
236.1617403	0.2518620
236.2451013	0.2320191
236.3284623	0.2300472
236.4118233	0.2098053
236.4951843	0.2172781
236.5785453	0.1559164
236.6619063	0.1556237
236.7452674	0.1964388
236.8286284	0.1757531
236.9119894	0.1681380
236.9953504	0.2014239
237.0787114	0.2247912
237.1620724	0.2096163
237.2454334	0.2018725
237.3287944	0.2031988
237.4121554	0.1578301
237.4955164	0.1463506
237.5788774	0.1366212
237.6622385	0.1520131
237.7455995	0.1810452
237.8289605	0.1635676
237.9123215	0.1711561
237.9956825	0.1820728
238.0790435	0.1886208
238.1624045	0.2265989
238.2457655	0.2242889
238.3291265	0.2916916
238.4124875	0.2405949
238.4958486	0.2357859
238.5792096	0.2103717
238.6625706	0.1686153
238.7459316	0.1477987
238.8292926	0.1933898
238.9126536	0.1819277
238.9960146	0.1928471
239.0793756	0.1987125
239.1627366	0.2189885
239.2460976	0.2410510
239.3294587	0.2354770
239.4128197	0.2161221
239.4961807	0.2156897
239.5795417	0.1737103
239.6629027	0.1465585
239.7462637	0.1742067
239.8296247	0.1663047
239.9129857	0.1925760
239.9963467	0.2209707
240.0797077	0.2248268
240.1630687	0.2309204
240.2464298	0.2245202
240.3297908	0.1885345
240.4131518	0.1502479
240.4965128	0.1844293
240.5798738	0.1679154
240.6632348	0.1403681
240.7465958	0.1410297
240.8299568	0.1920735
240.9133178	0.2171392
240.9966788	0.1948029
241.0800399	0.2019483
241.1634009	0.2190193
241.2467619	0.2233895
241.3301229	0.2278286
241.4134839	0.2413587
241.4968449	0.2225637
241.5802059	0.1695084
241.6635669	0.1643582
241.7469279	0.2001568
241.8302889	0.1836667
241.9136500	0.1903591
241.9970110	0.2297345
242.0803720	0.2313327
242.1637330	0.2311225
242.2470940	0.2489641
242.3304550	0.1940456
242.4138160	0.1629864
242.4971770	0.1439522
242.5805380	0.1381616
242.6638990	0.1415391
242.7472600	0.2233366
242.8306211	0.1999369
242.9139821	0.1738243
242.9973431	0.1769519
243.0807041	0.1896246
243.1640651	0.1921421
243.2474261	0.2013942
243.3307871	0.1923212
243.4141481	0.1576524
243.4975091	0.1414380
243.5808701	0.1599146
243.6642312	0.1613860
243.7475922	0.1465113
243.8309532	0.1438572
243.9143142	0.1625975
243.9976752	0.1869005
244.0810362	0.2085077
244.1643972	0.2325845
244.2477582	0.2150222
244.3311192	0.2307847
244.4144802	0.2908988
244.4978412	0.2328674
244.5812023	0.1790696
244.6645633	0.1630744
244.7479243	0.1587358
244.8312853	0.1722610
244.9146463	0.2577123
244.9980073	0.2507827
245.0813683	0.2660822
245.1647293	0.2618021
245.2480903	0.2530535
245.3314513	0.2262800
245.4148124	0.2572180
245.4981734	0.2235021
245.5815344	0.1692120
245.6648954	0.1456511
245.7482564	0.1576616
245.8316174	0.2623014
245.9149784	0.2696303
245.9983394	0.2540070
246.0817004	0.2559268
246.1650614	0.2409855
246.2484225	0.2261325
246.3317835	0.1967041
246.4151445	0.2117098
246.4985055	0.1704129
246.5818665	0.1608276
246.6652275	0.1479151
246.7485885	0.2119300
246.8319495	0.2129891
246.9153105	0.2471098
246.9986715	0.2363288
247.0820325	0.2641447
247.1653936	0.2544512
247.2487546	0.2281778
247.3321156	0.2072180
247.4154766	0.2130842
247.4988376	0.2489198
247.5821986	0.2040327
247.6655596	0.1602964
247.7489206	0.1647506
247.8322816	0.2002261
247.9156426	0.1803451
247.9990037	0.2239535
248.0823647	0.2151288
248.1657257	0.2126996
248.2490867	0.2137493
248.3324477	0.1877814
248.4158087	0.1812909
248.4991697	0.1744780
248.5825307	0.1664121
248.6658917	0.1716857
248.7492527	0.1632631
248.8326137	0.1678340
248.9159748	0.1797338
248.9993358	0.1842429
249.0826968	0.2107456
249.1660578	0.2017135
249.2494188	0.2106855
249.3327798	0.1811507
249.4161408	0.2104820
249.4995018	0.2042251
249.5828628	0.1479698
249.6662238	0.1895766
249.7495849	0.2338254
249.8329459	0.2432256
249.9163069	0.2385672
249.9996679	0.2337472
250.0830289	0.2325028
250.1663899	0.2355998
250.2497509	0.2235117
250.3331119	0.1951776
250.4164729	0.1718085
250.4998339	0.1553476
250.5831950	0.1376349
250.6665560	0.1453841
250.7499170	0.1778539
250.8332780	0.1728012
250.9166390	0.1925568
251.0000000	0.2310167
